-719
12
573
2692
-94
428
823
981
1939
1266
2009
-475
1545
1961
1262
107
2882
-552
1402
976
-70
292
2633
2991
1910
2652
1450
138
2043
-818
2328
1356
1791
-131
1998
135
991
1623
1214
-721
1622
2700
2574
669
2805
2133
494
2025
1566
1410
2255
548
1863
1438
1749
-847
-535
-838
911
-156
-959
669
923
1693
864
1004
1617
1459
-854
-106
2407
272
-119
526
2207
170
2926
471
2428
1099
955
1252
1653
-586
656
2481
-635
1482
-249
1642
1878
679
-467
378
586
-812
-249
-230
1200
728
2318
2733
-467
1088
62
1697
1796
1975
789
-382
2971
2365
-812
1091
1806
549
1806
-434
2487
93
2097
1513
1258
1417
-933
697
1180
297
2687
39
2458
2059
-325
2559
190
-121
955
-361
1330
1445
2261
-305
908
700
39
1046
814
-70
2078
2123
2323
2477
1802
1838
2159
860
-553
-774
2267
1186
2559
226
1613
206
863
1384
2154
-570
1048
-490
977
2943
2001
2207
-636
-457
2666
2270
727
-566
-969
2053
576
966
1383
2717
957
416
1187
2477
1519
2739
310
-143
938
-269
-380
-331
883
-131
49
-88
-761
-577
1181
-520
1128
-324
2465
1316
2767
2422
-466
-119
-773
547
2754
236
2985
1015
2410
1014
1884
1435
1635
1247
685
-166
1868
911
601
2475
202
-477
-369
685
2768
1572
237
968
1328
-441
-476
2776
530
-409
1063
-783
452
2903
2120
-417
2191
436
2419
427
-44
2856
1590
1922
2511
-112
1481
2900
18
2236
1448
-758
-437
1067
-958
2312
1004
-204
-242
-554
166
2187
2360
-543
-375
-822
76
1967
1443
1352
378
2857
1166
2666
2671
2291
2173
1277
989
1683
719
28
-171
2486
-956
-522
619
-229
-129
2089
198
99
-848
-320
1909
630
2085
2705
-375
-644
2035
748
1578
717
13
1459
-369
2108
838
1680
2533
2604
2036
1752
58
178
333
2776
2951
965
2525
1035
1001
2989
-110
374
2244
-709
2283
2862
-404
-768
-637
1959
1866
2855
-433
40
-845
445
1128
-757
1982
1123
2553
-854
2715
2686
1163
-41
-45
2143
2762
475
-615
565
2770
1917
378
2250
-354
-969
1888
1673
566
2856
1256
2524
1949
2926
1095
2660
732
-997
-443
-462
1332
2793
2567
1788
259
823
198
1004
2626
1377
2241
2963
1834
-542
1959
2372
605
1014
691
-746
495
16
1621
-343
1946
27
-89
1681
2473
2934
2024
-768
2656
-1
1544
1256
2705
-938
1243
2779
2207
1468
-653
1209
-67
-835
1578
2200
2386
-550
-584
1808
2672
-49
-936
-646
-535
2027
1808
1154
2710
-565
1390
-707
304
2046
1866
1204
2109
1102
2199
1681
-520
2594
-217
86
1569
1511
1990
519
338
94
2192
444
-996
1665
1046
1445
-375
1916
-209
916
2055
-739
-641
-819
1262
2071
1985
-241
2282
-968
206
174
-507
178
-821
1440
-911
1434
-272
1012
1609
1399
-70
488
1256
2190
2180
585
1900
-431
-335
2467
-171
1101
1269
1221
1091
2318
1336
-150
2094
2690
811
2060
738
2921
669
-223
-516
221
2047
192
1713
-71
510
2771
-544
1155
923
599
-575
666
-298
22
-459
344
1563
2919
-355
2227
-929
1280
2468
2200
2456
2446
251
-451
1474
-310
837
433
-633
-77
2186
-669
-573
322
1994
437
-608
1636
247
2990
2965
1816
1775
2784
2614
261
1
143
-908
1332
2166
-548
453
1340
-907
-834
2174
889
1034
2022
2922
514
-499
2618
1898
1047
2770
-825
2764
374
-501
2195
1521
2554
2805
1320
1403
-511
1919
-183
2088
2104
684
1943
1496
1485
-704
-16
2312
-217
-872
1056
-536
604
-153
603
374
2118
889
2515
113
1475
1371
100
71
-345
38
2243
455
1231
2050
-827
1404
-571
1904
565
737
1220
-332
-442
2642
1862
2171
141
1705
2523
21
2562
1981
2969
992
2790
2252
1090
1596
2029
852
-308
475
1074
464
1500
547
390
1064
45
2534
84
-42
1403
1816
394
1912
-982
548
2103
-751
-285
-788
-504
2631
1160
2657
2534
1239
703
891
1918
1461
-906
-312
696
184
-60
2733
1219
1519
-180
593
-272
1805
2207
1632
2435
1019
-767
-770
2400
496
-279
-475
2446
-121
418
147
704
1223
-702
-385
2285
-351
2369
527
204
1071
570
2153
1146
1365
1072
2935
2095
295
455
2557
-980
511
2513
1543
156
444
-502
-1
1819
-490
2050
1629
2018
-688
-809
2936
-821
785
279
2342
238
2600
2644
1928
2744
1377
2421
-433
838
1876
15
164
2550
1353
-146
-254
2673
-382
-327
-486
120
2558
1178
-974
617
2709
963
17
2272
92
968
1874
-852
1911
1199
605
1115
1210
1189
1282
2618
2045
1123
2331
1459
2436
2406
1106
926
2386
-884
163
1068
1751
2180
644
2196
849
545
-368
428
-763
-535
473
121
2319
2608
407
-227
1304
2403
-999
2624
-914
2712
646
-985
-85
2556
2849
1955
79
-225
2321
1536
1458
-559
1218
587
133
-199
1492
863
302
949
885
-410
2003
1331
1035
-846
-932
228
2972
2777
1984
2056
401
2019
850
-832
966
2634
862
-906
362
265
-344
1520
2533
1996
-742
741
-701
-924
-769
1155
656
918
322
-106
2613
2221
1848
187
419
1369
1285
861
2930
1800
198
644
579
1889
-504
1048
-335
332
1397
-711
1707
1847
741
883
-467
2823
2196
-634
923
1749
1438
2882
530
-297
179
-818
-778
975
1180
-769
2282
2742
1238
2344
1870
2340
466
296
-650
1910
-532
1670
-972
1483
-519
1581
405
-262
998
-991
1406
-341
1523
-78
2850
967
1021
947
2705
1557
2445
2933
-798
2068
1226
1058
2959
-556
2667
1130
60
-875
-426
-361
1464
2821
1555
1921
-935
-823
2
-913
2632
2460
1313
2773
2604
2186
2264
1893
1471
2625
1594
2084
1326
2054
-205
2948
920
136
2877
39
2227
1335
915
1917
-215
-936
-863
2807
2315
737
186
2301
2592
1186
509
2978
1914
2322
917
2909
-533
1855
763
1154
1151
2941
73
-290
1223
1395
-495
2450
2963
-980
2824
1072
-800
1762
-488
738
871
671
654
2769
1749
-102
1449
2060
-494
1985
2911
1163
1141
1596
2634
1708
-87
-145
-774
2701
1845
2646
2336
-215
-235
1109
114
1294
298
-116
688
-209
2629
1925
375
2651
-511
1507
239
2299
-854
1179
-412
1083
-537
2328
2038
1300
1689
1423
62
983
1788
327
-440
-709
1621
2538
-936
472
-49
1668
-743
2058
2047
-379
1594
2525
-258
-836
1466
999
746
1931
547
1024
643
1932
2772
2306
-310
1525
162
-364
2011
2699
1984
-611
2489
1618
-112
-976
2314
2820
2334
2496
1344
679
2143
-175
2646
830
-455
1329
162
-318
350
-702
2600
1985
325
1377
2733
-569
1289
1772
-535
2906
2172
411
-469
-812
-509
-276
1362
600
2590
-52
2777
1532
810
2833
-41
2733
2665
710
837
268
-784
-526
2419
1371
2847
-121
1712
321
1417
-126
2041
-63
2090
893
198
146
2482
1251
2963
948
1733
2004
2119
1539
2668
1981
2854
2443
537
913
1850
918
2111
1901
-496
680
2758
2892
1595
1793
2111
722
2358
1013
106
47
703
2767
-317
760
1657
-892
-725
2540
-87
1504
-892
2899
-867
495
47
2067
2100
-244
-440
1059
136
-862
-801
2251
2073
50
2892
2141
2537
540
852
-377
2238
2108
-628
348
2083
1174
2637
-564
1604
-868
1682
-969
1332
1759
847
1762
1623
377
379
-264
2758
2576
1885
2787
471
-965
-735
-340
1229
967
2826
503
1130
2034
2962
1677
1092
-184
544
1030
-225
1756
1216
1696
1606
949
-431
2154
2420
-979
-295
-911
1399
380
66
249
2064
9
2011
1826
2927
46
81
2836
-10
1419
2261
803
1353
828
2089
-253
439
2342
1585
2563
-653
2007
400
2379
2238
2332
2452
463
1752
-974
2887
2797
-710
950
1826
102
2734
466
-5
1576
-977
905
2981
-687
2147
377
2463
632
-923
2124
792
1653
-663
824
2615
2517
333
1717
1784
1903
1528
1623
1946
-261
285
1976
1807
2442
2097
2602
2113
618
-439
-330
-47
1180
-641
1606
17
2694
1920
2660
1973
-658
2732
1963
2349
-886
-596
702
367
1580
-210
2651
-861
1092
407
1792
-420
1534
-722
1619
1003
-716
782
218
495
-910
57
1555
1783
887
2773
988
1312
1501
-23
-80
-42
1416
1901
567
-707
1456
1609
-568
1155
-343
202
1574
-517
67
2887
-231
1184
629
871
524
-836
655
1663
2295
1862
-21
909
2878
2428
663
1437
612
1057
1000
-636
1189
-562
1615
2988
547
1337
430
-918
2630
-853
-53
1745
2829
2665
142
1398
2010
1692
-914
-492
1259
2856
107
-758
-1
-198
1082
2183
1711
760
-849
2452
-951
1548
752
40
2722
557
2884
1144
1286
-829
-428
2550
2790
1724
2271
1188
1236
2313
946
-174
1359
2307
-388
521
2066
2667
905
204
2629
280
-191
-187
1607
878
1490
-775
-238
-166
-989
-823
-425
1421
546
2962
-118
1137
1670
854
-814
518
2573
1258
-803
1855
1797
2469
-700
2703
1925
1834
1370
-694
815
2807
2964
-418
2009
-895
714
754
-230
-244
1418
-270
-537
2622
1315
2712
-104
-931
-119
464
335
-220
2471
2274
1529
1385
1893
2206
1103
58
1383
1727
1406
2250
-646
1343
2801
913
-882
-332
-703
2254
-344
-698
2000
1321
-422
-775
1263
2405
224
2002
825
2055
724
1044
254
2780
-898
1629
989
1645
747
989
-804
2703
-362
641
381
421
597
1042
855
569
104
2875
-837
418
994
1662
525
-195
953
91
1470
-853
2070
2606
1417
1158
1304
561
845
1815
1688
-491
1988
2933
-502
1502
-223
1178
2925
2132
178
-451
2749
1095
752
606
2751
102
1804
899
762
1648
2214
2478
306
2353
1100
1827
247
2048
836
1747
677
1522
-714
-440
299
134
1789
2093
-249
-783
801
40
2140
1516
910
2811
2751
220
-789
-149
1259
2927
2291
1768
574
-989
1512
1684
1010
-858
2199
2246
2275
1410
-838
-686
1064
2249
2520
2172
1721
295
1916
2242
-70
1101
-564
-881
37
1767
818
830
1075
78
2321
954
330
1999
-572
-415
2500
1105
-818
1172
3000
663
607
1291
1663
781
-717
2999
1480
2892
2265
-411
-887
1012
-521
1738
961
2302
135
-961
85
1541
1659
1906
-470
-151
937
-112
-554
-409
2587
1826
-710
791
1365
1656
1629
-458
2104
2266
1314
1102
1160
108
-465
111
948
-320
250
2174
-813
1983
-237
1311
2067
1442
2227
1491
613
535
2960
2294
2132
749
2456
2212
-873
1437
-634
2843
344
-481
328
1654
2022
2449
1213
1798
383
350
433
2535
637
-980
2450
66
1398
1866
2315
2737
1564
753
4
1047
2750
510
986
1109
325
1972
-758
1611
-368
-722
2319
2774
2434
1890
-92
-479
2704
1555
1077
-600
1480
1251
690
2411
339
1306
1945
2647
591
1224
2824
-286
2135
1822
1920
1129
28
190
2802
2435
887
408
2946
552
2910
1458
89
-29
363
581
2348
2189
2478
606
-582
2916
1482
1969
189
1940
-316
-955
-553
1015
2515
882
1390
1691
1825
2684
-346
2752
2626
-900
-101
-746
42
2528
-307
2333
-269
2709
-9
987
1648
150
-233
1285
1654
-869
1723
-159
1301
2704
2134
2817
2145
1846
2259
245
67
853
2146
1944
1555
-491
-154
2911
2307
1711
2445
-326
1325
2887
307
2865
592
796
34
-32
1540
-966
1175
1779
-439
-928
1372
2370
2153
2718
-720
-858
2743
1313
524
1582
975
2407
2090
15
2515
-408
284
369
1208
610
1806
-811
878
821
2850
1025
1081
1382
929
-967
-255
1005
1590
-671
-559
-56
1294
1919
2973
2085
-730
1966
946
2185
-600
1431
2004
982
942
371
-776
2343
2463
1243
794
2081
2749
-112
-171
2971
-897
1742
-740
103
1041
-816
2698
926
120
704
934
774
2880
1708
1571
1215
1269
890
280
1343
1941
248
737
1234
2174
361
1639
1396
-12
1643
1983
170
1043
1501
1804
1515
1185
500
1861
-566
908
1607
525
1953
1353
-53
1569
48
-570
2933
1231
1322
2939
2940
2731
2877
2937
2070
1932
-137
1716
628
461
-114
-449
827
-139
333
2361
-453
2014
2423
2671
758
2882
1449
299
623
-136
-466
2069
1745
133
-876
191
1306
205
-448
-626
-765
-839
359
-182
278
59
2160
-789
2404
-281
-162
2971
-721
1661
269
131
1659
809
1247
1155
628
503
-768
-762
2031
519
990
539
2978
2930
-544
-254
512
-757
307
-348
678
71
-861
2386
-71
1760
2374
249
-77
-417
-391
2076
1286
11
1615
2467
1087
2863
95
-420
-255
-676
1174
-55
2239
2678
366
-449
599
-905
-791
-762
2830
1652
1388
2093
2637
2846
2554
-868
-374
1190
1927
2468
929
1663
1101
-901
2867
1481
2125
2420
547
1690
1107
-975
2988
-222
805
2290
-696
426
195
664
1013
2559
2295
139
-359
1102
1361
609
-913
-856
2228
-421
1297
2314
2901
2614
-903
377
1068
-208
810
-387
-444
-402
181
935
2286
-468
213
1342
41
296
916
1261
586
2506
2659
-335
2643
1832
-412
1967
2836
2363
2938
2504
-59
2642
2508
209
510
1171
1935
206
1087
2678
2387
1311
49
2704
397
1962
-116
1849
-180
-909
-601
1918
1900
1445
-934
1839
1097
476
-438
2074
2787
2105
1124
-612
293
859
-624
323
-41
129
-289
1451
539
-349
923
-13
446
2199
509
-145
-360
696
-918
1581
1691
660
1490
2840
-759
-945
-664
1593
-507
780
196
1813
1537
1099
2043
-301
1637
2099
660
2573
-30
2123
2061
450
946
-931
1124
2294
1396
1844
1500
592
-744
571
430
-379
538
2742
343
-625
2294
2076
2505
-674
2474
-86
1058
2348
-374
-756
247
2773
2510
-245
482
1287
1051
-155
1992
1303
984
322
-404
1377
-40
909
2897
58
2574
-690
1401
-812
1696
2136
-305
2635
2333
448
1472
2924
271
906
2307
2088
2868
-750
737
1580
1148
941
-855
2806
-908
1834
2050
-460
21
-943
2536
1449
-392
56
-929
1424
-738
-558
2022
2189
225
1192
1705
787
738
2437
2733
2815
-746
-647
1935
753
1619
2050
-826
945
891
2004
-345
2605
-130
9
1790
2018
708
922
1503
1835
-285
2228
2126
2315
1081
2075
2943
-673
2310
1290
3
278
322
2200
-701
1388
-81
-919
452
243
-421
2509
1737
-303
2600
1167
2147
-185
1820
-660
1995
625
1482
-408
430
599
943
-271
-333
-247
1044
932
1484
221
443
1633
-418
1380
1616
-934
2790
2613
2353
2912
1156
1704
1533
-52
1291
1179
557
2723
141
-217
-377
2334
-12
1817
2831
1507
2388
922
-492
1611
-686
2499
2697
-723
1340
196
374
2618
869
196
-980
2036
-611
-173
1019
1174
-747
2583
-899
1139
344
230
-533
-14
787
584
-777
2374
2730
1478
176
-684
64
2316
332
2077
803
1174
-949
1760
964
-790
1489
2151
1241
1433
759
-798
464
2254
2222
1689
-446
598
-624
773
261
-642
1529
7
2656
2537
2374
2436
775
2117
-933
270
-210
325
467
2306
1583
-446
276
1507
-931
332
-244
1172
-961
1682
557
2936
764
415
2906
2515
-201
120
1046
-649
622
2984
-381
1955
-29
402
953
2660
-166
1047
2455
986
2276
63
2289
601
2972
1626
-997
-519
634
341
2127
-176
1833
2684
1268
2156
-142
2963
-3
-470
2794
-527
-529
-360
2651
2718
-247
-476
1496
574
2622
1405
2291
-300
1090
1019
1098
162
415
1087
-777
-795
46
21
305
706
-990
2417
-697
-761
431
2191
-242
1562
2894
485
775
1304
1772
2859
-246
1215
2167
973
812
-812
2394
2249
-282
640
1074
59
2195
97
180
1655
-453
1229
-633
1069
93
1643
177
939
2634
1328
2447
329
275
-815
-925
-758
34
1620
1206
2594
1299
-377
-877
721
2367
2680
1389
-409
407
-274
2445
2073
1245
-552
-924
2666
-729
33
39
-336
425
2246
1199
-791
-196
-463
1151
-69
2628
2584
99
515
1638
-586
-326
-945
241
2251
2871
-984
-699
1269
500
-426
1740
1893
-577
-306
-346
-423
1203
-517
2368
274
2210
-455
615
2368
2471
897
990
1566
700
1516
817
2445
-295
-150
117
1353
1758
1120
1464
-601
-4
2341
1547
2881
-951
1988
2530
300
-596
992
1073
1968
1019
1026
2708
37
2156
-542
-61
296
443
90
1594
2297
1896
459
2190
-686
91
1649
2885
-656
1699
1445
-753
1757
938
-737
1429
1736
261
2299
-490
993
-108
1899
-362
1866
2276
15
1604
1111
1389
-270
1319
1579
-845
166
582
1460
-220
257
-226
2886
1110
2576
1523
979
-672
1238
-179
2180
2669
2340
189
2904
-807
719
2749
-31
1114
209
141
122
1904
1777
-504
2607
-127
792
2053
1886
-187
451
2308
1765
-526
902
2437
1107
2876
-695
1970
-354
700
1814
1343
2804
-32
-872
949
416
2489
2654
2120
-830
-618
-209
-662
-775
2596
1276
18
-300
2683
2175
645
2600
1272
2776
34
-384
836
620
2112
-105
2685
369
-795
792
1954
-659
296
2872
398
285
2513
-57
2040
-537
1665
348
443
42
-28
-32
-403
-26
335
458
2225
2128
796
442
588
1708
-228
1737
686
172
-1000
2315
575
131
2423
-240
721
-964
-428
-438
1436
86
1849
-239
2391
-645
2770
1654
384
2456
355
599
525
-727
847
2815
946
2611
2736
1231
880
-990
-710
1744
635
2092
1029
2876
875
-427
755
1109
1657
990
549
1271
439
2383
-769
1091
2046
2819
2534
1107
536
-292
-333
-192
2618
-618
-559
168
773
2500
-702
-629
-289
-804
1192
2669
2776
2755
1280
645
-971
2159
-730
-12
-567
-940
2636
2519
-576
1281
-955
-935
2035
559
-756
1938
2702
399
-796
2140
157
2886
2646
863
902
1609
2155
1347
417
2474
1218
359
1500
2394
-958
31
2156
1837
997
221
956
2780
-386
2950
660
-838
1007
2976
390
1748
-60
637
1910
862
120
370
1430
316
5
496
2871
338
1248
1309
1767
651
1720
2478
-733
2379
1171
1209
1364
2132
224
982
1895
1324
1772
567
-45
1922
2280
2082
198
2527
-581
2654
2618
312
1808
2614
2268
2522
-791
2275
848
2232
1368
-526
2561
687
283
1652
-438
-958
1254
-475
2044
2891
697
2296
53
2533
2535
-17
719
790
462
868
487
-838
-75
2037
2780
2569
-476
800
-622
201
-318
47
1795
-521
2276
-536
-62
1842
-774
2258
1505
143
2736
-697
1737
1598
1811
-503
-974
2343
314
1130
2911
-400
-281
-663
2267
2117
783
1566
542
2082
1217
2535
-61
1398
396
-87
1532
148
1303
543
-958
-613
-708
562
-812
1604
1256
653
155
2701
1972
989
2620
1893
2229
2206
1718
751
2724
-140
-741
-97
2943
315
2235
2456
1537
2765
397
-286
-163
2360
702
1629
-759
2446
-742
1585
614
-307
2401
2770
2452
2527
762
2984
1700
2887
157
1531
526
2013
708
-965
2967
505
2193
-232
-744
-973
-554
102
1034
-305
-619
2379
2865
1588
222
417
1637
11
252
1937
1237
-520
1895
649
1179
1337
1000
1332
2473
-486
961
949
2454
-246
-696
319
2702
1624
2341
-219
-68
2371
2677
-401
1681
1514
212
1023
1355
2655
316
-177
1991
1205
1491
-559
-410
1489
1459
-228
158
-787
2804
598
-400
789
2185
2334
1059
1952
2197
2685
-506
1993
2093
2474
2247
468
-292
-256
1183
-299
-420
1735
2393
1935
-427
2859
1855
196
229
2071
287
1082
2871
-699
-8
-613
2561
2769
2736
1156
-475
2127
130
1828
1423
477
2353
27
1407
560
707
-214
477
1098
399
2175
1688
1404
-541
881
397
-722
687
2859
804
2042
2400
329
-716
-634
594
-118
1756
740
35
154
2516
1317
2742
821
51
1122
-554
1772
868
92
2491
667
514
2053
1014
1033
-401
582
2862
-24
1618
-417
1944
626
-7
2720
-700
200
1008
1309
1925
-498
2386
1424
-254
848
2808
874
2505
152
98
-535
502
1745
-171
-279
2841
-703
1882
1643
191
-961
1610
1100
2759
2276
-64
653
1834
309
1315
2482
-320
2239
1949
1813
-416
-350
1350
923
-945
2729
778
-80
2062
1577
831
1177
-919
-439
1921
1316
1458
696
711
-984
2161
757
-28
2427
2954
1840
580
2366
1451
-581
2711
-394
-473
-646
164
274
703
156
2508
1894
-543
1641
2241
970
2923
1516
1859
1329
1114
859
-221
1330
-156
594
1902
2232
308
1121
1850
-633
-828
569
2351
2814
2556
1853
840
2300
1852
1536
538
1590
-971
2773
2573
38
961
-510
-42
2703
-684
1079
2896
2128
-846
1233
2765
1177
1108
-594
427
1588
189
917
2016
395
523
128
2744
1801
-928
1406
1580
1425
1633
1819
904
-797
730
2699
2344
1134
853
1642
-748
-198
487
1165
509
-634
636
1175
2698
179
2059
88
2253
432
2504
1066
-338
2160
1218
808
-600
1630
489
-563
777
252
1611
1636
301
-680
2022
2766
410
1461
1701
736
2272
707
411
2841
-418
2500
977
2637
1066
932
2966
2475
165
1437
788
-334
598
1590
1807
61
1341
-301
2487
2041
359
739
2876
119
1764
-260
1182
-761
-137
-893
1759
-407
20
521
2363
2705
857
1081
979
80
2973
189
150
1337
2121
521
743
-505
2779
248
-455
301
1200
802
2280
2368
1418
811
242
-606
2184
521
-678
2637
2017
397
96
1984
-890
2425
341
1304
684
-696
-842
1782
-666
1856
1187
900
673
2112
-520
-213
2921
360
-205
503
256
2125
752
1003
-295
21
1487
-759
-253
1136
591
2281
-81
2365
1734
-466
1225
-69
-491
709
866
1864
-188
1261
335
-966
-301
460
1501
-140
-199
2743
2706
2560
-351
-81
151
-196
-750
318
2018
2634
217
1022
1851
2244
-679
737
1561
-663
-997
998
-394
-828
-345
-216
2151
-375
2116
1011
-684
1345
1472
2405
-458
-449
1048
1547
2748
2995
1733
388
1772
-155
456
2474
1287
2473
-663
2029
1462
619
2483
1399
1063
-331
-830
343
2774
319
2920
-571
1490
1338
1934
2648
-680
2353
2748
-317
-998
2352
2882
1058
827
2758
819
656
1525
814
1741
1278
1247
729
-145
-369
-886
-606
441
1356
1323
-803
-702
472
1668
1364
373
2562
1280
2679
-690
899
2741
-523
2812
689
-27
1345
-545
1304
2577
-151
1343
2457
-945
1822
-448
-39
1789
-205
-77
2888
946
-309
1511
776
1966
291
-535
72
887
2322
2336
980
1486
914
2536
-166
605
2337
2621
544
1137
942
133
798
574
-931
-265
1263
1036
2349
-73
-928
-989
2124
180
-896
2388
47
248
-483
-111
-153
1462
2210
29
1636
1802
1823
-798
1057
2047
1411
2948
396
203
345
2426
520
2055
2592
2953
-16
33
-990
-812
1192
1045
-547
2044
487
2832
593
-749
951
1117
1140
-676
1034
1889
56
807
-720
2782
-767
2366
-835
2422
693
507
-237
2567
152
2272
-830
15
2464
-242
2399
2091
1929
-946
1393
1813
2399
1369
1687
1492
1936
821
-37
2574
678
1719
2789
875
2088
1255
315
1923
2554
85
1462
-809
1359
1023
2189
1465
579
548
1427
1708
552
1446
2819
2037
1869
1035
1257
2646
-219
771
-71
2240
114
-967
2824
1592
2943
-23
956
2281
2220
1405
429
358
193
1892
-246
559
-591
2459
1919
2422
2461
-313
-933
2830
2020
-524
2011
2635
592
733
1950
2639
2769
2672
-224
-710
685
-694
-334
1801
190
213
354
254
2379
1032
2771
1900
125
1602
2197
-341
362
177
151
1012
-76
1791
1803
-210
-18
2559
449
-457
559
2568
926
1565
-898
1550
822
2558
270
-144
147
1735
2287
-911
2261
1626
2271
643
-197
1387
-505
1383
2313
1252
-488
1401
-833
1254
-406
-397
1141
2595
-347
2623
1562
761
2480
841
2024
1087
1846
2276
2154
1914
1958
1201
-488
913
743
791
1127
572
255
1063
-430
1825
1278
831
923
2113
-479
2476
2275
-611
1103
2538
-227
2737
-843
2402
2136
144
-833
2224
1214
-891
-475
142
323
1079
1161
18
1379
-176
2366
1039
2175
1718
344
-782
220
-857
2390
1834
-775
-641
430
1997
1924
1048
1591
-386
323
2323
2921
1057
-521
2557
-769
-756
2413
1074
341
615
-320
2066
885
588
2958
-240
-485
-129
1494
722
-390
2783
1475
1143
-528
590
1514
989
728
2091
1499
1386
-553
1667
2412
583
-573
1880
626
1541
345
1161
2569
2679
1769
345
2067
-257
-207
-6
217
2404
946
2290
1586
1411
2602
2825
21
1790
2964
2948
1350
2230
854
-634
76
771
656
2336
2955
-342
674
-435
430
2015
-298
615
-375
-504
444
2182
2551
649
2603
1636
-126
788
1273
-466
356
1615
2275
378
-18
1146
2210
223
2265
610
169
2797
2307
1595
1337
-116
-533
-397
227
1124
1719
1162
2174
2831
1692
1454
740
1539
1346
1694
986
928
2985
226
1957
-811
-804
-569
2192
2604
1267
-786
625
1957
452
2013
2617
-802
2111
2091
363
2585
117
1103
532
1938
2624
2275
-176
1645
2051
1304
2658
2542
773
1919
806
2178
395
-359
1572
2392
-628
-756
2220
-874
-968
2282
1056
1592
300
-650
-96
-537
1458
-543
656
120
1116
2362
2947
1895
-864
1911
111
61
1831
1081
-394
-769
2031
792
2248
330
1547
2944
206
1693
1144
1146
2330
199
1975
-987
-627
2518
-79
1096
15
2038
-900
944
2557
973
2634
-243
1722
1344
603
1855
2785
-58
2227
2121
1918
-158
2810
1484
1079
-483
1190
-718
2518
-764
1948
2465
1480
-666
2236
2491
2978
-365
-692
1371
-242
1758
1944
2364
2530
1014
1000
1882
1431
233
2152
2172
1662
-104
-937
714
2135
367
98
1206
1924
2732
-524
2586
-904
1954
650
2301
1786
-691
2307
1111
73
2078
111
355
-296
-198
2061
1957
2854
2256
2488
736
-395
627
2386
-778
1333
1554
713
-395
333
-69
-354
679
2225
639
-193
-13
2744
220
1229
2779
628
1602
-123
-82
1477
1377
1080
-824
1266
-886
-597
-946
1341
-930
-993
2391
208
-373
-94
-738
1061
851
903
-215
2504
638
1215
2549
-567
-21
-160
1182
2811
2679
1222
-66
-185
-46
2155
-562
2185
-367
2208
2003
1454
801
2907
-808
1299
806
373
2729
1862
-102
22
2935
907
-920
-310
-162
2983
2499
2633
2643
1982
1352
1425
1510
-262
2791
1151
2221
1384
2376
2155
2606
-80
-577
15
-228
2548
1296
1221
1983
-823
692
1429
154
-302
2618
-768
415
2119
1944
656
-13
-441
1345
2377
226
2859
-850
741
73
2680
1602
2658
1909
1090
-545
336
986
1463
531
-156
234
2284
2947
81
-175
2921
2028
2552
-340
-804
367
-483
2172
2041
363
-719
2317
367
-266
693
-554
2516
-8
2566
975
99
1294
-735
2656
305
2149
155
920
2752
224
-362
1560
882
1172
2553
-363
1456
-479
703
1304
2897
-470
695
202
1775
743
403
-581
-43
-601
1305
-78
2641
-581
813
1377
507
861
2083
2080
1923
-693
950
2025
1212
969
29
997
-247
-61
1
1542
2617
2819
342
1709
-327
2934
-777
373
1520
-215
2901
-672
2336
-498
-355
417
-753
1054
341
1497
1746
412
-632
-593
-489
1110
1231
1660
2156
2704
270
-269
389
1660
595
2334
738
-712
350
2262
1790
2803
453
979
-524
283
1925
2552
2140
2376
-231
2222
769
2961
153
1798
610
600
2573
-278
-1
1275
299
697
-207
2685
-478
-685
-842
-652
-413
787
1037
725
1557
2892
638
328
1651
225
389
2439
2636
-421
288
1788
-823
2458
1125
169
1478
753
851
-87
2304
-795
1333
2933
-222
2713
2550
2184
1787
378
2612
2047
881
1797
2064
368
-398
-623
-48
2420
-334
1406
2541
1444
1827
2155
-49
1943
36
839
807
-397
898
1706
2428
2770
512
2530
788
2579
685
2997
563
1305
15
2076
1301
2424
-96
1420
709
-564
2743
1632
1491
1494
590
168
625
1824
2694
2107
1066
2675
961
377
725
-607
1660
1029
2682
-386
625
2522
-412
1088
2340
-99
277
2100
243
485
-606
-65
-74
1939
194
2855
-51
1162
2569
1797
2225
843
695
-268
2352
432
98
1887
2403
-790
1612
1553
-919
2636
2974
998
363
-659
-955
2008
2784
2994
2095
-826
971
2190
1789
1015
1588
116
-733
-970
360
1538
2262
-860
-476
681
2702
2530
-664
2494
1348
1119
-677
660
2850
2220
2545
2128
1867
-978
1116
362
-428
-59
-256
-721
256
1052
1997
1475
1228
921
1716
2131
1605
-127
1461
-77
2511
2610
-711
2744
2446
1326
2620
789
1532
677
1172
1477
798
-200
-121
139
1697
2798
778
2587
-127
510
2616
-937
711
1066
1157
16
358
927
399
-257
-295
6
-862
-711
314
1835
157
1646
2130
-741
80
521
39
2199
-118
