1853
-214
-7340
-3784
-4273
-2918
-2591
-5276
4232
7208
-1589
-4407
-4870
5580
5698
-7786
3661
-7659
-3635
-5784
8982
-7351
-8350
-180
-4609
9496
-7760
760
-1911
2259
-4894
-5460
4553
-403
3654
-8088
-6473
7705
6939
-6949
-9482
5790
-2580
41
-2945
277
1502
-3472
674
6419
1073
4110
-6175
-1354
-6276
5515
-8965
1701
7434
-1156
9864
5693
8784
4117
-9773
5023
-4302
-870
-349
-9522
-3496
4699
239
-8951
4725
-7060
4521
1803
3152
-8320
-3708
1719
6558
1286
-3130
8941
-909
662
7834
-3250
-5233
-4404
1454
-1357
6643
-4933
44
7955
-7108
9407
6605
3702
-1066
-5835
-8489
-8653
-26
-8667
8899
4623
9122
-8857
-6090
-6888
-6915
8752
5534
-3036
2149
6089
1402
-7272
-6705
-4904
5361
-3167
9717
-6100
8232
2654
-6613
6357
9618
-6133
-4996
-6924
-6894
-7296
9775
-8664
8700
8102
9638
6277
-70
507
-1388
636
4360
-9041
-4738
5104
-6942
3039
2491
4372
2667
-2785
-7177
-4977
188
8574
1998
5585
1967
4061
-3909
1077
6981
-5026
4164
5416
1020
-8731
8126
2123
-4393
-589
5408
8879
1318
4247
-9509
-2480
-340
4111
4277
5845
-8812
8606
1391
-8483
8909
7748
9380
-3904
4337
-7896
5115
-7571
5185
5074
2616
-4361
-5148
2571
9391
-1612
-3002
1412
-9707
-7517
1126
2993
-9472
-7576
8846
7152
4865
9533
6086
438
7864
-1717
-5705
357
-5506
4417
7009
-7940
-8615
3580
-7006
3150
3905
8340
520
-3966
-2128
-9648
6368
658
2954
587
-6775
5367
9388
7618
3720
-6506
-4605
3872
2599
1358
7294
-8631
5601
-4185
2529
-2839
1401
5480
9311
-7580
5197
1059
-2976
-6896
-5828
5043
-9700
-2182
554
7879
-2612
-4322
480
3341
7456
6251
-1277
1230
-4068
8859
630
4777
-8561
-3922
-182
3077
5219
-3014
7132
-1030
148
-120
-6326
-1372
-8862
-7976
-1980
8874
-2126
-1573
4392
4403
3866
-1914
-2575
-5792
6153
8662
208
-635
6319
-4671
-4763
4815
-957
8002
-4417
-4370
-463
-4528
4024
6894
-5598
-6640
-7452
2112
1747
-5965
-7820
2211
5828
320
3674
9240
3548
-2290
-8290
-4315
-7545
5534
6472
-8119
2011
1145
449
-2988
4269
419
3907
-5877
1001
7387
-6459
5045
-7527
9713
-4063
-2903
-5135
3827
7730
-5491
5559
-753
-9682
9530
9114
4483
2825
8897
-9126
5681
-693
-1416
-2814
-2041
1641
8509
8373
7198
7648
-3742
-7310
5959
-9395
-6732
5120
-8959
7713
-6113
8940
-7078
-1764
-2665
2070
4199
7024
-8703
-3565
-434
-6387
5890
9783
8667
-3376
673
-7079
5829
5257
8478
6052
4932
-6360
-3404
5024
658
-8856
2079
5566
-6349
4503
5081
41
-8486
7639
-8434
8690
-1300
-8037
4494
-7668
-7441
337
-797
87
4719
-144
7988
2820
-6863
9070
-6658
-6499
-9359
-8404
4907
-8002
-4111
5976
-7517
-739
-1617
9930
-2652
-2504
-3308
-7838
-253
6797
-4394
1215
1320
9963
-3822
1540
-5225
-6926
3547
-9306
-6431
-3308
-1930
4360
-736
7906
5223
5248
-9183
4191
-7791
-9719
-7078
9646
-2986
-8679
5004
3311
-2962
6301
3486
-4372
5008
5245
4618
-9616
-1976
-6786
5393
6761
226
-6199
-9525
1377
6397
6588
-9275
-393
3172
640
2554
9506
22
5208
5902
6630
-9867
-4001
-6799
7973
-4064
7089
-2169
4992
-4398
6994
-9537
3751
-9176
1524
4507
-7804
-5165
-975
2947
-2853
-3875
-8451
4564
-4440
-6720
5741
-2889
6374
6559
-709
-5701
-4314
-6954
1745
-3236
-7279
6340
-1678
1658
9346
-5069
-5699
-6443
3866
6285
-3404
5356
-8932
-943
-9088
5225
3511
-7952
7802
-1526
-9107
-4455
6397
-3281
6105
-9259
-4836
8281
-677
-126
-3157
4625
-5269
-4466
-9163
-3147
-5625
-8260
317
9798
-8842
-1870
-9997
-716
-6277
-9046
-9177
6439
-4691
-9827
1740
-6130
452
-9101
4840
9463
-2977
-1907
-763
7995
-5294
-6163
8087
7085
8775
3408
4967
-2610
5052
-6383
5493
6258
1912
6253
2889
-6461
4928
-4325
-3476
7077
-5060
-5654
8800
2931
6031
8000
-5739
-3931
-9492
-2268
9134
-2522
-330
-2892
-4655
4772
6862
1305
-4447
-9294
6350
-9683
898
-4165
-9448
-746
6468
-487
375
8320
8897
1771
-1580
-9668
4140
-3393
7492
7669
-5986
-8687
102
-1463
-6814
5323
-4552
4790
350
7964
1064
-887
8657
8357
9173
9219
7105
6077
2452
609
8065
-7860
3269
7089
-6616
2934
4784
-9165
6315
-1309
1192
64
2226
1976
-4354
7791
9411
7659
-2900
-1588
9735
7465
5660
-16
-297
9152
1876
6134
-9380
1520
-7522
8300
9411
-5510
1307
-8181
-5183
-8411
-4314
5840
-5055
-4637
8759
-9675
4417
-4832
7710
1594
-602
-8615
-6438
203
-5405
-8814
9099
-1069
397
7341
8427
6360
-3492
-3058
-2793
2615
7423
-4590
1429
4345
6206
-1427
9645
4680
5212
2516
3192
2490
-701
8916
-4795
-392
7658
-403
-1543
5772
-9770
-8904
-2222
3001
1777
-9598
-7987
6909
-8003
-6181
-1353
-2703
-4076
6990
-7228
-2855
8249
-5302
9669
-4453
-4660
-2587
-1259
7475
-9724
-4470
3111
-6878
-7010
3918
-1978
6900
-4410
2284
-8276
-1672
-9249
-1287
-2121
-5386
-8803
-2766
-4740
1446
4448
-998
4281
-6787
-8578
8790
-8367
5721
-7474
4752
7277
-6715
1651
3728
-7427
7746
7071
-973
-1070
9789
3462
-5520
-6348
122
9095
-9575
4170
-4205
4135
6367
-4794
-9035
9005
-4304
1269
-8599
2536
-5524
-133
-4860
-6763
-8688
-8088
3789
-5199
7685
9773
7533
-6902
2913
-2443
2907
9140
1546
1949
6939
-5555
2032
3038
703
-9058
-3750
-8290
-4700
6660
-2611
-5581
-6645
-645
8239
-8501
-1503
1256
980
-119
524
-5553
-3998
-1972
-5745
-2886
-105
5932
-3149
3990
-3779
-9493
8384
8390
-8391
-5303
1748
3895
4945
-4084
-7860
-2819
586
3120
-327
-296
3867
-2929
-2908
-5778
-8216
7906
-7040
-5687
-7302
4039
-8825
-9064
1374
7382
-2484
3943
9849
-740
-2140
2850
4282
9256
185
9852
9626
7522
4657
4449
-6152
541
3123
-6454
-2685
-7062
-8766
-5364
3564
1253
9577
646
9580
-7403
7382
-4231
6203
-6319
-8868
9362
-3200
-2181
8258
-1903
-5048
-6921
2448
-7041
5799
-8084
8369
-5269
-1409
-1289
8767
5954
-3353
-1310
6697
-5302
1990
-3381
-2131
-8944
-1133
1761
7782
7346
4133
-232
-7282
1677
7168
-9570
-5927
-894
1318
-7777
-9209
-7740
-3385
1377
7357
272
5955
-6294
7746
1331
-2800
7446
-2673
-38
2724
-3177
6563
-6847
1061
-2890
-4665
-9233
-9830
-3197
-8671
-5521
6822
8978
6098
1419
8386
-5505
-255
-3010
6294
-5001
2249
-6465
-107
1186
2580
9070
-9480
-4646
-9073
-7792
-4158
-9587
8110
443
-7839
9303
-8266
-5621
9861
-492
-587
-3577
-6924
-1582
-6746
9362
8645
4290
-2135
-7615
170
-2074
-1683
-4053
-8441
-1662
8664
-8514
3376
-9862
-3632
1354
6007
-4246
185
9644
-4839
7728
-8149
106
-9441
-1688
2377
2713
2646
2497
2681
-1752
-8724
-1269
-6048
-106
7092
4747
9360
3280
1354
-4291
-9529
189
-348
4887
-5576
-4639
9849
-4199
-9585
-8348
-3111
-1769
2040
-7783
-9583
402
-617
-3387
9236
-6007
-2219
3669
3358
5096
2688
5889
-7025
8174
8912
-9736
1517
-431
-6722
3735
-1774
8000
6186
1525
-1090
-328
8645
3436
9692
5994
-2313
-4274
4373
-938
8582
1305
5543
7816
6449
6768
122
2314
6302
572
-4271
5220
-3361
-5500
5146
-3997
-1343
-8403
-6740
-2210
-2641
-5071
1884
-725
-7424
-6687
-3355
8843
6795
2777
-7786
414
2831
7079
159
-5397
7692
-8880
663
-2690
3037
-7714
1704
-8906
-7934
3301
-9441
8689
5878
7297
-3458
-7884
-1515
-712
8557
3163
-6457
-4716
8901
-4300
-1918
787
-3536
1630
1673
-1900
-78
6830
1312
-5911
3041
-2730
-2050
7485
2640
4738
-6843
-9183
6216
2123
5883
2170
510
-172
-6417
-8942
1885
2109
5864
-9942
-2367
4828
-5875
-9364
-9617
2185
-6604
-8952
-982
2289
9898
7243
-3399
1134
-8057
-1896
-7357
-6171
-9438
-9761
-1323
-5191
1378
32
-1596
2495
-9191
-9429
-8429
5410
-3876
9262
4937
9365
-3076
-6694
1014
2707
955
2732
8372
-4151
711
-6321
1644
57
-2979
8721
7021
8307
3365
-2830
-9049
7603
-6850
-3772
-1767
-4656
649
-9587
7867
7439
2683
3740
9065
2979
9214
-2344
-1357
-9476
-764
2104
-4769
877
2356
2788
-2592
5184
-4437
7973
-555
1883
8812
5913
3481
8614
2676
-3781
-8443
-3300
-126
9396
7791
1723
6870
9232
-1760
5048
9557
9873
2481
715
-4610
-2564
-5316
-5966
-1742
-7477
9417
-4119
-41
-4872
-2584
-6881
-7264
-7932
946
-739
-8938
-5528
-3427
-7613
-3800
1470
5735
-3854
-7534
583
4978
-7277
5681
4290
3960
-4897
-9910
-7787
9193
4514
5368
-1190
3482
2326
2652
-2614
1914
-4117
-3773
-7987
2245
-2436
-3306
2144
-1068
-3978
-2275
4703
-4771
2145
-1763
6625
7406
-2241
5750
-8008
8402
-5205
3387
2773
8971
876
-6288
2788
-2924
-5040
-8592
-3660
-905
8034
9988
1764
-6814
-6752
1455
5595
6972
-1114
-9596
2161
7564
9348
1053
7284
7274
-4519
8514
3745
5253
-2402
-2849
-9560
-297
3289
1229
9713
-7243
2891
3402
-6724
-9488
-80
-1133
8950
-9022
8006
5019
9107
6025
5964
5710
8924
356
1637
-9974
-8646
1862
8948
-10
-7535
-3394
178
5821
-168
-5105
4006
-7387
-9304
7361
-3424
1294
5559
2100
-7527
-1017
7981
486
-7401
-8429
-8479
542
-5720
2050
-3130
-3445
5870
-7076
-888
1669
-8199
-3969
-1296
-5708
1116
6780
-9278
9064
-5815
7607
-2916
4642
-4775
-5844
-9102
-5944
3134
1415
-8701
7101
227
2972
3968
-5062
6541
-4636
2449
3710
-1219
-8227
744
-8967
-9881
451
-1174
-8802
8460
-8449
7767
4260
9109
-9997
-9769
-3951
-2608
3723
856
-7441
-8768
2582
7198
-716
1933
-6119
-6005
2053
386
4895
7005
-4841
-3044
-2084
-2810
8014
9471
4243
4112
-6204
1831
-8734
-4178
-7804
850
-8543
-3376
1367
-9354
-4946
8684
7315
1690
8026
397
6924
-6764
8597
4058
3528
3720
-2262
-4370
-4032
1052
4090
-3795
-1517
-4918
-4753
-3860
6526
-9327
319
1837
-6294
-7796
1201
4059
-7517
7254
4259
9446
80
7558
-7409
-8291
-9749
3204
-8282
441
-8235
8681
4647
8624
4894
4565
-4840
3737
-3013
-5495
2718
-5919
3449
8217
-4386
4105
-2801
-5682
3799
6894
-7803
-3257
5422
4080
-3529
2564
9590
-9968
-4307
3426
8632
-2545
-5841
1879
2458
-4327
127
6487
8216
3774
8484
9563
7248
7956
-5886
-8164
-6904
7260
1078
5587
-1268
-6490
-7981
-5090
-5159
-1568
-4838
-2215
-207
-2520
-3110
1676
2831
-3220
3976
5718
1497
4292
-497
-7879
-6488
-2963
-2098
8096
9497
-8166
7514
497
-7630
-5945
8627
-9741
6925
-1529
4830
-3222
3539
2590
-7411
7478
4416
-3500
-1473
-4356
-876
1652
-259
8727
3822
-5572
-1926
-5717
-6068
-5158
3124
-3195
-5432
6442
-6328
-2417
-830
9392
7590
-2700
9813
980
863
9882
5066
6496
-1495
8171
-1285
5400
-3591
-7950
4917
2143
3054
8821
-7072
4664
6831
-2264
-8830
-7170
5471
-5373
-2313
3749
-8168
7324
-1462
-9326
379
470
3275
4972
4053
-4440
-8203
2227
-6048
7525
9929
2688
-9503
7952
-4462
-9647
-8475
-697
-1871
-7164
-1900
-7372
-1587
-3208
-1124
-1902
5447
-2135
-9230
-6197
-3109
9558
-9746
-9861
-934
-9949
8470
4603
4963
-6792
1798
6598
3202
-1681
4194
-6435
-9343
-2358
-9784
8612
-7906
9346
-3950
-551
6364
7069
1856
5546
-7248
3517
-473
8288
6060
7357
-2135
1171
-3832
1723
-2264
7937
3925
675
-4265
2355
-2581
-6346
-3208
-6967
1988
565
-8156
-2458
951
6053
3812
1267
3882
9973
1687
-5379
3235
-53
5892
-8382
-1246
-8852
1961
6175
-2549
1521
-1030
7223
-1813
143
9824
5429
-2236
4951
6361
9952
1795
-182
-1969
-4560
1189
1525
2989
968
1669
-5600
-9146
-9180
-785
1773
1098
-3684
5221
-9619
-3976
-1301
4634
-6103
4568
4772
1865
9064
934
8023
7896
-4374
-9785
-6829
-9685
-2923
-8731
7095
5682
1627
-969
9670
7232
-8461
-6830
2899
2472
2311
-8332
-934
7774
-3441
-6323
1021
-5403
-8370
-7796
-6475
-8038
9744
726
-3427
-2957
6773
2213
-893
-9740
-4510
-5189
-229
3598
-1450
9442
-7739
3034
-7960
1377
-6940
5839
1828
5280
5182
-1100
4185
-6258
-3815
-4714
-576
-317
1452
-4343
4132
-3173
-4428
-5696
-112
-2990
-6545
9593
9914
3649
-1270
-9936
-2690
-5824
8952
2998
9477
-9281
982
-8819
-8792
-6774
-2606
4793
2440
-2942
9583
-324
-5294
9884
-7674
8335
-9541
-9396
8836
-3471
-8401
-8448
-6157
-756
689
-3377
-5826
6154
-4870
-9303
9252
5729
7113
-8970
-4465
-7218
404
1618
8883
1965
-3490
8369
5225
-2030
-434
-858
5456
5298
-4895
7451
6502
6954
8746
7538
1711
8829
2313
7372
-8572
-7096
-7715
1128
1815
133
-3645
8257
-9476
1919
-5143
8233
8459
2533
3633
1956
-2063
-1317
-6549
-4853
-3714
-5267
8174
-6201
5369
-3116
7736
8092
-7494
3194
-1098
-7622
4908
-2471
-9352
-2750
352
979
-855
7017
-7630
-3353
-7454
4836
-3989
4005
-2094
-8361
-3676
9636
-4630
3677
5508
-7386
-1305
-9823
-7712
3220
-2816
-6466
1644
4191
-8704
720
-7065
-8518
9473
-7093
849
-8705
9081
-5924
-492
-860
650
-856
-3646
-3654
2180
5582
-8158
1330
5553
-8820
965
-949
-1632
1805
-918
6174
3885
5458
-6021
-4086
9584
-3199
-5223
-2445
-4953
2009
4001
-92
-3117
8277
133
9702
-8318
5850
4335
-5765
-2152
-1702
210
5010
9344
8076
77
7326
-7565
-1161
3577
-6696
771
-2069
2876
6642
-8963
5676
-4252
-1035
-8171
-1996
6366
-6622
4624
8314
7052
4918
-8464
6771
4592
9708
4529
-4833
7457
6968
6978
7849
-555
9960
-3423
-1941
5878
3178
7124
-7046
-4744
899
-4510
6170
939
-9735
7531
3771
-2014
-9579
-5957
-924
-138
5408
-7883
-4849
8370
4738
-4264
-5681
-2599
-9651
9987
-5335
4448
-6745
2504
-7197
-163
-5409
5723
2371
-1713
1357
-1656
-4643
8196
-529
9603
-2209
-9210
-7924
-1056
6672
-8353
9406
-2413
-6448
-5662
6795
1611
4616
2722
3706
4979
9936
-9745
2892
-4716
8997
188
5148
-1896
-1327
8311
-8115
1679
-4264
-8844
-5286
-4179
-8571
9391
7551
368
-2518
2334
-8591
6778
6489
-6997
-4305
-8131
9643
-8564
-118
7589
2969
-5023
-4194
4511
-1107
4905
7355
-1851
9616
-9746
-1376
5739
1930
7800
-7140
-4373
5342
9740
-1055
-7753
-5874
-4950
5227
-6500
4916
-7541
7894
9547
-2539
579
8646
3800
4911
2104
8745
2246
-8925
-6995
-7332
-9387
8955
-7943
9284
-5542
-2504
-3202
-2456
-7586
-2462
-9139
4032
8473
2212
-5651
3481
2325
-1217
-3813
934
-6121
2934
-2296
-8594
-7872
2719
-8378
-6468
-5647
3189
-6805
1013
-4
-5819
5788
7170
3612
2436
1072
-68
3717
6376
1873
1604
-3449
7016
-7950
-9475
8184
-1330
-9047
-571
-1741
-4717
4688
3508
2841
5252
9428
-6144
8988
-7073
-4594
-9265
-1805
-870
7221
-3663
-4886
5876
-9900
-9150
5101
1140
1654
7632
4480
-5998
-4316
-8099
-4073
4234
-2073
-7459
-6857
-8481
5030
7081
-6309
2839
743
9838
-3540
4102
3926
-7401
751
3716
9430
1481
5964
-1062
4908
-1665
8148
8703
466
3287
-2010
1104
-2300
6091
-6493
-6226
1492
-3543
4934
-755
-3424
-537
9820
-5959
1675
1565
-2600
3650
65
-2164
9923
-161
-8815
-1232
6850
988
5709
2431
-302
-79
-9487
-4604
-1400
-3535
-1430
1260
-3473
3539
-8443
-1029
-1924
1212
9097
-9949
-3791
4753
7669
9683
3393
-2848
8692
-7103
8941
-4572
4321
-765
3659
-9859
-4550
4099
-8271
2356
-9493
3226
5753
5464
-282
7401
8582
-2392
1052
9302
4110
64
-8509
336
7078
-2513
-4813
-6688
8224
-6050
-9692
4675
9955
8934
5762
8757
4975
-591
-7971
-968
1875
-1394
-3639
2557
3341
-6621
-6961
8957
-4827
4277
6084
8234
3228
-5999
7292
-2572
5962
-3441
3658
1516
7440
6245
1071
5737
6021
9542
-2757
-2390
-2036
8059
712
-7910
8925
-309
8929
5594
-8349
-3028
4280
-7874
2296
-8536
-4226
2213
-2183
-2814
-8333
9805
9326
5826
9117
1637
438
9454
8847
4877
-2558
5549
-8780
-4929
-7272
-2857
-541
6758
-2092
-9264
8988
4770
-8347
489
6605
-5101
-4213
-5753
-9721
4347
6641
9455
7241
-8678
7560
6865
-9661
8098
-8066
-5447
9012
982
-1006
-7500
-9516
-2783
7817
694
3512
2383
-3605
-4937
-3278
8664
-7235
7651
-518
5716
-7372
-5738
-5496
-4396
1356
-5986
-9532
6492
3574
8136
1574
9903
5225
-6389
7398
-7844
9076
4492
9381
-6855
6520
-6205
-3260
689
8854
-1537
-6197
-5591
-2535
3057
8075
9951
-2331
5562
6393
-2788
9642
-9420
1859
3492
-5261
-2243
3633
-7307
9777
8754
-5815
512
-1512
6594
8608
278
1381
-9344
-3030
-4550
431
8187
-1782
230
-4977
-9435
-7247
8375
1802
-8500
5160
3909
1201
7643
-5489
-6090
1863
8765
-8634
-3532
-7152
1311
-8566
5957
737
4539
-7008
5290
-3551
9331
-8521
3482
429
-790
-2830
8420
4434
-7122
7758
-392
-3376
9582
-4149
-1997
470
3374
-546
-5092
-6661
-2592
-6933
-8832
-2291
-2341
6135
9347
-5779
6149
-8530
8873
-8380
1916
3598
-901
1511
513
7156
-11
-3243
-5955
9284
-8058
-2896
1793
6001
-7445
4649
-9417
-7891
-6044
-4464
-9416
-3691
-2658
-3353
-2987
4703
9774
-53
-9796
-1095
9817
8522
-9736
6113
8778
2847
-4641
-8390
-249
-5263
-8817
1533
9589
-5005
2818
-8456
6677
178
-7379
7945
-67
-911
-6145
9826
-5660
-4891
2357
-8915
-9845
4480
-6743
2997
399
-5687
-7702
-4056
8931
9693
8673
-7476
7006
-2938
-3264
-3402
-9669
2262
3549
2435
9923
8123
-977
-8720
4962
8407
-1973
2293
-5839
-3705
3543
-1477
-5179
-5681
7810
8337
-3144
-1042
-6038
390
38
-1652
-6005
8281
9716
-3805
-1585
-9741
3372
-9093
-1429
-9846
-4648
-7602
54
-9671
-7031
-1268
7871
6119
6293
721
-2943
-837
7591
5505
-7070
9039
-5253
4124
-8195
2828
3760
5805
-7451
4576
7387
-9783
-1439
-8139
5617
-4449
2504
-8974
-5470
4371
-3049
6295
1077
-8865
5295
6197
8692
-5378
8328
-5618
8132
-5460
4523
-1999
-3949
7414
2504
-9165
914
-8954
-2674
5150
-3876
-9100
-5484
-6139
-1921
-5898
-6938
4913
-5345
3305
-265
-5497
5439
2393
7450
6184
-897
6085
774
-4709
4108
8984
8846
6504
-970
4173
5166
8480
3472
1886
-9561
-9300
-5881
-1796
7862
2335
8214
-867
-8598
5856
-6871
5965
-5708
6527
3568
-4786
-9634
-450
8341
-1731
3502
9212
8520
-6215
-9673
-6438
1947
-7579
-1974
3059
9001
7985
-7632
-3857
-9189
-8031
2787
6586
-5574
8137
-7994
9869
-3915
1369
8107
-2404
3756
-2406
7542
-1262
-8362
7623
-9305
-734
-2540
7912
-168
-2670
-8514
-4169
7634
-8700
250
-9186
-6512
-3219
-8956
3335
7995
4402
4880
-8683
-953
-2193
-2542
2679
4709
6548
7311
3968
-1865
5151
-7792
-3238
-9934
4189
-7440
-8533
-5989
-8141
-2015
-2356
-5458
7976
-5906
2877
-7025
-3073
2918
6447
4712
9452
-6444
-7964
2235
-5543
9318
-4953
9708
-8204
6488
-3801
-3537
9809
4309
9621
952
-7106
-1582
7366
2274
-4375
7123
-9769
-34
9169
4284
2596
-6493
3048
-776
-1850
4746
1977
7018
-6324
6949
921
-4403
-2992
3141
5534
-7015
3813
1198
-2657
5390
-1769
8746
-6887
5951
-6685
-2238
-4441
-4553
-7075
9098
-6890
-8242
-2740
6375
8236
6652
2772
-3757
232
8827
-6540
-8708
-3601
4872
1908
-3693
-9358
-9034
-511
-9397
6660
-7697
8807
-8317
3408
475
-1752
6237
-2402
2811
-7680
-4280
-8649
9992
-9456
8330
6462
-2085
-8952
-4260
-7470
-4359
-663
9041
9203
-6917
1707
-1458
-4569
1942
-3167
-5451
-8197
8340
-3726
7888
1524
9434
2784
4808
-2100
-9941
-9920
9192
2633
4847
739
-1108
-188
-936
-9751
50
9984
6392
6839
3272
-362
2655
980
2362
-7464
-9930
-7349
4290
-204
-4741
-2904
-1501
-5259
9720
-430
2814
4648
-1674
-1652
-4787
8745
-1792
1431
1485
3978
-3849
9819
-8423
-7010
8964
-4746
4726
6631
9025
-8051
4886
-1427
-9957
-330
-9208
72
-6484
9597
1741
-6381
-3064
2871
286
-3576
4527
8638
3975
3895
4725
-2029
-7513
7928
-1517
3001
-9204
-7898
-6833
146
-1697
-4106
-1460
-7167
3547
-3776
-4876
-6498
8480
2746
8200
-6643
7415
6166
-9718
-3257
7734
6386
-6735
-9778
-4517
3000
-130
2514
4334
-3639
-5560
-9810
8679
-4538
7762
9723
-3506
-7896
-8166
1996
-8249
3791
-8980
2653
1520
1097
-5870
6254
-4915
9977
4939
-7382
8524
-1735
-9192
5478
546
3323
1341
9013
4844
-9612
903
-6244
8819
4014
-8781
-3643
-5986
6129
-3968
3123
-7176
305
-817
-6842
-4027
4752
-5849
-1941
-981
7801
-3531
5583
-330
-5919
-3566
-8768
-3594
1882
-8256
349
-9055
2135
6184
745
-670
-3571
-750
1620
-1548
6818
-5991
969
-3040
3185
-2667
1478
6041
-1340
-7692
-7755
7804
-3914
-1112
817
-5244
5839
-3605
-6551
-9262
8309
6784
4177
-9859
4272
300
2170
-5693
-9016
-51
3343
-7840
6821
6487
9406
4145
-2018
5740
4010
5322
7148
4327
-9614
-9898
253
1858
-1159
422
275
3742
-4774
-9351
-737
-8622
2842
2890
-3958
-7580
9300
-5405
3323
8105
-4351
39
-1185
-1228
-272
7736
6318
-7209
-1511
-1317
-7928
-2787
-2741
762
2754
-7083
-7297
-2676
-8932
-3590
-6040
-270
-104
7755
-6250
-5257
987
-9136
-5411
-9325
-2427
-8680
-5976
194
1928
-2545
-4081
1792
7007
-6536
5160
-3922
-3208
7261
-80
-6264
9877
-1029
2091
5168
-7339
-6893
-4192
-4485
-267
2308
9276
-7448
-1817
-8085
-4998
7379
4693
7639
1276
9372
-7255
2654
-6669
1032
-9246
9132
-2428
-7409
7188
7233
-3001
-8905
-8787
-6045
-9116
-80
4220
7165
8530
-9616
6570
4363
31
-584
-9617
-897
-6292
-931
4686
4360
7864
-7232
-2267
334
-203
-2479
5541
7247
632
2377
797
-834
-3929
7580
-1972
-6502
-4415
9214
-6489
-849
-1081
1110
6075
-6076
-6581
9157
3710
-5823
-892
-7412
6420
-1143
2271
4452
-3262
-8536
9410
-9829
-3309
8401
1977
6863
3536
-665
-7384
-6369
-6879
8135
-2316
7839
1529
-7271
-2643
-7263
346
-239
-1669
-8228
61
7200
381
2236
-279
-3468
4202
3179
3883
-4082
-243
-919
-9741
8251
8030
1459
-8717
6508
-1577
3063
-2389
-6291
9762
-9881
-2188
-5403
4521
-5019
4261
6143
8058
-6320
-7733
-3580
6621
-610
-3350
-1335
-9094
-2413
8216
9442
7180
2271
8067
-6928
5536
6259
5051
-1899
9633
6170
5769
7483
-1474
39
2427
-2864
-4683
-8897
9409
1948
-7418
-2801
-196
-1057
-364
-905
1788
4567
2587
-7483
5334
8152
3561
-8537
6547
4555
7258
6853
9264
-7632
1857
-8855
6716
4635
9216
7877
8793
368
-1123
5248
7123
6569
-1678
7491
-1504
8346
9289
4281
-9758
2261
4481
-4992
-9129
9903
-9551
8963
-9531
3015
195
8994
-9548
5939
4730
-1578
-1871
4403
-4042
3933
-4542
4023
6954
4696
5686
6249
-369
2394
-6225
-9160
-8915
1607
91
59
-5968
4325
-928
-2768
9618
2891
-8165
-4050
2214
-6003
1339
5752
5862
-7120
-483
8518
-5439
6057
-7262
1900
-1335
7777
-3577
4600
-9934
-9252
-6897
9179
-7443
-3685
6509
-1758
-1086
-3303
8791
9758
1170
-2656
5142
-2159
-6312
5516
-4294
6689
-7528
474
8044
213
-2050
2285
2981
-5113
-6596
8960
7411
-8696
5800
-5830
2731
8396
6513
9773
-690
-8583
-2492
678
-847
1926
-4682
3376
-7686
-7383
-8348
9969
6367
-3818
-201
7526
-6142
3347
5303
8149
-7562
-870
-4150
-7423
5102
-1147
7571
-9380
-8051
-7276
3959
5369
-3637
8064
7419
8990
6465
-8047
-6504
7670
790
-8626
1656
-9753
9015
-1340
-2756
-9882
-5001
3847
-7852
-3661
-9351
1255
-1819
-8006
-388
-3449
2394
-7868
-1294
4671
-9938
-3358
-9891
-1782
945
-3266
8149
5917
3351
8641
-2406
-636
8058
3233
-3730
5676
-9214
-4721
-6737
-6341
8000
-2065
4114
-4452
-9856
3730
-3329
-2361
-7431
-504
-4188
2653
-8206
-5118
-1651
-8030
8351
-4399
9092
8928
-5924
-4340
-1998
1510
-1915
-6444
9691
7260
-4150
5927
-6269
-8776
3054
-7320
6342
3312
2630
-2984
-2257
9599
-123
7238
-509
-6963
-8500
5003
-8737
-899
5710
-9124
-7760
-7100
3877
8236
-2403
-581
-2353
609
3563
2862
-9674
3070
4367
8632
6299
-4715
3795
8891
-9397
-7972
4191
-1384
-3998
6903
235
-6964
7875
6124
-62
-4809
-9088
-7247
3468
9598
7441
292
-1270
-9743
8155
-5525
6876
9445
-8163
6222
-6137
-4718
5626
3884
-2227
5079
21
-7326
7833
2796
942
3103
-1181
9295
6523
572
7226
417
953
7718
-6529
8169
-818
5161
9340
8777
-5730
9733
-6089
-1026
-9905
-406
-5589
-6920
-5672
-7600
6616
-1477
3159
1656
8439
-8431
-8700
8248
4584
4391
-9268
-2307
-2619
-2274
-729
2324
-3355
9600
8332
-9202
-403
8199
-6410
3644
920
2051
6601
-3753
2967
6397
-3936
1726
-4754
7549
1151
-4412
-5372
-448
5103
-1726
2451
1304
-8590
9914
-2158
754
3868
8191
9039
-7053
-4641
-6619
9349
3651
-3364
-8701
-4353
-5477
188
8578
8666
-8174
-8590
5771
-9048
-4870
-5299
982
-5635
-4246
-847
1162
-849
7338
8601
-4702
1857
4742
-9981
3552
3000
689
-326
-3319
-673
-6920
-4875
-4853
343
9350
4151
8490
264
683
9769
-2999
-4968
-4848
-9913
-6226
6377
-8716
-8023
2238
-9832
9269
2853
-4216
4553
7210
-1035
7430
3763
8263
7550
384
-9282
6334
-1065
6674
-4053
8279
-686
-7892
-7901
5303
-6593
-7028
-6498
3995
978
9277
1249
4870
6783
-2949
3436
-8806
7834
4939
-9536
-6503
7502
7204
7553
4626
-3969
-6292
3732
-2042
-815
-9984
3440
9873
5233
1856
6385
7694
-2670
8245
-5440
3691
-4909
9384
-1616
45
-5490
8074
1822
6776
-5776
-8121
3254
6830
2206
8712
-3903
-7650
-1367
-7717
-6427
-7984
-6465
-6071
5694
3842
7864
3837
-8783
42
-475
-1765
3812
-633
-4068
-7397
-4297
3786
-669
-6872
-1442
6756
-3812
966
-7454
-8586
3279
3415
-1595
1278
6231
4929
3850
-371
-6557
-43
-5120
-3363
6098
2501
-3808
6816
-3171
6985
-1747
-2920
-5868
8800
-6169
6809
-8562
-8444
-969
6836
-9566
2504
1868
419
-4606
-8141
2468
7639
7635
8117
-1966
5462
6738
308
-6238
4831
-3103
-7377
-1804
7604
832
4507
6214
4884
-6731
9181
-9371
6383
-6685
-4327
7565
-3476
7450
1370
7483
-1410
6171
-4022
5432
3545
-1223
-5415
-9394
-1261
980
-223
8890
422
-957
2315
3024
9757
-7906
-9180
149
-8720
-7343
-6681
-3315
-8577
4831
1107
-5336
-8593
3555
-4415
-2658
-1570
-9996
1001
4576
-7253
-8095
-1717
524
1588
-9468
5663
-272
-6953
3502
3407
2977
4382
1301
2072
-2192
5457
-6947
3482
-7904
5701
-9515
-2860
-9369
3110
1456
9107
-4473
-3940
-2595
-8548
-5093
-7087
4443
8285
8305
9222
-5199
-6057
-4783
5418
5460
-1280
-3740
9446
-4264
-1065
3411
-2391
4027
-7162
-3475
2587
-8082
-9028
-202
-3168
-5942
-9722
361
-3705
9211
9294
-3978
-3736
-9254
-5245
-1847
4351
8461
-4843
8521
5611
9554
-8361
4964
-956
-1492
-5086
4561
5501
-9828
-9558
3214
-1034
-6239
-684
1276
-3357
7204
-5134
9281
-2860
1314
-9615
3475
9156
9336
-7837
-6075
8200
7144
-1656
6509
554
-315
-5726
-695
3994
5337
2364
-8889
2193
3084
5453
8957
-6010
-3177
2795
-3914
-3373
-5697
2345
4172
1301
-8540
1018
-9704
3626
-6832
64
-3165
7397
-4778
-4006
-4022
-5940
-5045
5166
7004
-4646
3813
-4642
7766
2998
113
6914
-9268
2095
8128
-7599
6966
-9105
-5918
-1502
9296
5892
-8222
-3409
-6557
9684
8887
-7712
5944
-2515
4514
1928
-6664
3400
4504
6518
-4899
7999
-8469
-9529
-3214
1275
-8850
9154
-8197
859
-914
6648
3859
-5018
8399
-2492
-7339
5119
1582
3379
-3494
-9533
501
1684
-9996
-2899
2227
8384
4467
-4308
5808
-5106
-2313
-8786
-1026
-4446
8189
-5554
-7108
6809
-3858
-8918
-5516
7569
-6475
-2319
1190
-7500
8778
-2660
8138
-3791
3663
-3712
-3158
-343
-6828
4873
-8498
-1204
6977
-4027
6148
-3422
-5230
-9517
-818
-8637
4363
-1566
-3932
-8107
-2875
994
2256
7032
-7275
3687
-8560
8298
-3929
6186
8731
7318
-6251
-7328
-8630
9390
-1095
-9220
-8610
9896
7854
5941
-3827
4750
-6621
-9161
8906
-838
3682
9078
-7615
-8071
8174
6761
6493
-6007
-6904
9609
2815
-8525
2057
-1650
5854
-2501
6865
6710
2008
5783
-3106
3340
-2834
-1514
8295
-7359
6172
-9336
2977
5615
4652
-8784
-4511
-5184
-3010
8804
-875
6495
4896
-9171
-7840
-8587
1571
8291
-7952
-1219
-600
-7948
1505
2031
7577
3157
-1503
4164
-1979
-4576
4621
-6458
-5471
-9911
1017
-71
-1508
8409
-1594
-6381
-8831
-2157
9413
-1559
7947
2317
-1996
-8691
2813
-3966
6529
-235
4653
-371
5776
2807
8285
-7745
-6658
2773
-6787
5310
5930
-5418
-6418
-6193
4226
4142
6167
5543
-2599
6164
-9097
-4516
-9467
50
-2861
-1601
-6279
9311
-6751
-2010
-4196
6988
5078
1378
-4344
-7392
3633
-4936
-920
6966
7059
3149
-7534
486
5980
4791
-8427
49
6002
-8713
5146
-5938
-2559
-4542
7063
-1284
-606
3422
2680
-8515
9488
-540
756
-7648
-920
4797
7526
-2710
1185
-2660
5808
-7576
4949
-5804
9085
-2859
-6399
975
4369
2449
-2516
-1172
-3490
9192
9850
-8249
1491
3102
-7753
738
-7918
-9845
1305
9903
-6679
770
8610
-3683
7547
-7382
-9850
-7492
5268
-8148
-5486
6691
-119
6741
-2391
-1002
3284
-6468
-8544
1412
-8610
-858
-3750
-5889
-5945
-3721
-3992
6225
1540
-9619
8623
-6462
3364
-808
4372
-9935
-370
6978
-9732
-9777
-6334
8668
9719
-5327
6870
-7185
-6563
-9216
7277
4882
3167
6034
-3666
-1543
-7251
7220
-5953
9665
-9482
9605
-4753
6640
4749
2115
4006
6936
-7889
-1998
9220
4499
2585
-8303
-1771
-7586
-780
2467
688
4097
5892
1131
2145
-7508
756
6676
-4401
-38
2861
6937
7566
5329
-1813
532
5748
1764
-836
3887
794
-3391
3224
4585
2927
-3236
-6304
-6488
4971
4042
1837
-3244
-8061
-7979
-4668
-5989
-8648
-7580
3424
199
-3158
-9446
3521
-1824
6872
-5102
-4198
5525
-2507
2700
-5400
-1550
-3723
-4739
8060
-6081
2834
6837
476
8924
-3219
-122
1672
-572
440
-4492
-2865
-6484
2861
-5178
5482
-8183
4192
-6098
9492
347
1782
6727
3878
-3830
-7763
1614
7791
8662
8254
8695
-271
8781
-380
-3344
1949
8638
-6282
7612
-4770
-6780
6884
-143
-2976
4247
6221
-5126
179
-7221
1482
264
-8186
-2203
-8802
5738
2389
8960
-9652
-2218
5811
3318
4230
-6332
3485
1070
3516
7116
1950
3342
-5669
-2937
-3543
-5943
8652
4678
3216
-4443
7106
-9584
-8260
-7775
-9976
6172
7406
-1
-840
3252
3040
5248
9298
-3065
-7031
-2229
9914
-3574
9297
210
-3786
-4827
4972
-4438
1628
1206
4543
2823
2318
-5071
-9137
6996
4073
6329
-9347
-3956
-2762
716
6578
7792
-3069
292
-3596
7618
-8656
4466
2845
-7201
770
2395
-9985
8580
9307
-6830
9897
-2884
9038
-4130
6239
8550
1215
-2239
416
-2089
8588
207
-3922
4887
2208
9875
2409
-3956
-7740
-6032
8309
-8422
4746
-5425
2400
-1422
-8836
5517
-4791
-7015
-6066
5742
-9480
9969
8559
-2384
3698
-2924
-2806
-483
-2656
7650
-2388
-7687
4662
-526
8330
-5655
-7643
-1730
-4149
-7603
898
-3491
1992
3201
-5074
2225
-4291
-3024
7429
5584
-8366
9542
4448
5999
-9407
4851
9797
-749
8204
-8482
2072
4449
310
7679
5739
5887
1205
8554
-1905
-8106
2534
-5378
-4150
-8880
-9734
9688
-9750
3503
-6151
-1438
7090
-4783
-2812
-4504
-9786
5342
4820
-9599
-7619
-2053
4021
3329
-1245
7216
-4528
7329
-4336
4863
5838
-9412
517
6123
4254
9118
-3014
-4730
-2399
4589
9596
-3854
-2267
3282
6866
64
4397
-1190
-9071
-6115
-317
-2308
-6189
7439
5292
-5277
652
-7191
-7946
-248
-887
-4352
-3855
8947
-5537
4646
-130
-1247
-1401
251
-3899
-8666
-5028
-2502
-4757
-7039
1687
-5916
3192
-5610
-5063
-8278
-6148
2530
4969
1982
-3644
-5515
4480
-8592
-4799
-2772
-300
8807
-963
609
-2725
548
6164
-601
1666
4585
-8508
1300
-9844
2422
2277
-2446
-7907
-8626
6057
-8172
7471
-4828
-9228
-6888
-4163
9055
-2979
-8502
-3324
-9653
4204
-7460
-539
2690
5048
-555
9801
-9582
-186
1710
8085
3223
-4656
2976
1349
8095
9226
8042
-6898
6140
-7096
-8000
-4934
-3767
30
-6210
7023
-9051
2853
9923
-791
2323
1366
8395
-4068
7496
5665
-686
-7696
-2890
958
4225
5501
8878
-9108
-9303
-5820
154
-5562
2368
-2249
-7172
-6802
-6900
-4169
-7999
4556
-8989
-468
6154
-6985
1631
1913
-2993
330
7921
1289
3113
8219
91
1902
-7094
7663
-9476
4112
5644
8962
-3563
7384
-2107
-9952
-1947
2619
7122
-7533
6387
-5527
4181
-5690
1874
9266
734
-4776
7598
1080
-2876
-1177
7112
-3698
-6799
6906
7070
-153
-4319
527
-7397
1132
5769
109
-1153
6482
4361
8082
-8442
6895
6327
4629
4180
3145
8816
3394
9753
2227
-4896
-829
-7625
-6144
4
-1791
8148
5654
4900
7633
-9107
9367
6648
-823
9854
-447
-335
7297
2000
-9267
-8932
2584
3675
2339
1294
7984
-1302
6367
2647
3887
6851
-1797
-4830
-1264
445
7984
5612
-3164
-6999
9210
-3157
9786
-8035
3030
-4995
3699
-8350
-7267
-1326
-6709
-5438
-8961
525
9657
-4480
-8935
-2058
-4089
30
6124
2385
-111
-1014
8928
2627
-6287
8284
9244
-4449
6958
-1852
8107
-1607
8937
3197
4323
-5185
-5204
-1670
568
3175
-724
9256
-8648
2143
5929
-5729
-8591
7978
2674
-5681
-512
1909
-8845
3081
3199
-7586
-8757
1591
3714
-4688
-7693
-1908
-5932
-4669
-3342
-8250
8147
8936
6165
3385
9785
6796
622
-3762
6894
-4933
-4151
5278
-4797
8090
-6718
7872
-9627
2778
782
-6287
5882
-5875
6655
-6485
-8133
-6336
-5437
-9275
-196
46
-6167
4176
6013
2722
-7507
-2195
8127
-2366
-7523
-6859
-3401
-5643
5089
-6149
4864
7957
8842
9669
-7693
7832
4716
-2447
768
761
-3731
-457
8130
1498
-8731
-8641
-3864
-2104
-8426
-7620
-5175
-3083
27
2845
-2496
-3062
7812
4846
6545
1892
-4442
-5791
3980
6244
7582
5711
4909
-10
-2534
-6582
6895
-3306
-6599
-3389
5005
-6018
-1121
-1675
4458
-9217
7220
-1696
9241
-5059
9582
-7806
-5757
-170
-3988
544
-779
7343
5637
-5969
-2295
-7640
5612
133
2544
-5280
-6665
8997
-7989
-6112
7883
1853
5411
6742
2378
-4711
2286
2798
-2825
-9904
-8665
9177
-4322
-9260
7739
-3136
9366
9269
-8493
-618
7601
3224
8068
-674
8584
3175
4015
6168
6766
7001
3049
9405
17
3689
7669
4879
1888
4413
-608
-6001
8817
-8098
-799
216
-7145
8614
-8115
-195
-5034
3733
-2430
9582
6809
-3625
2228
3710
9651
-8634
4882
-4247
-4666
-9891
8706
-106
2420
-5804
305
-6472
-1052
-7162
-8254
-38
1613
6911
7661
-8698
-4345
7905
8725
9121
7234
-94
-1719
-742
-413
-6676
-6696
7455
-9906
-9245
-180
-2479
826
3132
8302
4861
8892
7485
-3124
5511
3731
-1026
-6770
-7520
4342
1644
2360
-2459
-7322
-1150
-7619
-3293
-9466
1474
3035
-7611
-6853
9915
-5514
-7100
-6448
-7184
-1992
-4624
-3865
34
-9586
3114
6611
-9944
7361
609
726
2767
-473
-5893
-3633
-4216
8953
1757
3460
813
-456
6482
6143
4191
8589
-3997
-8582
-6118
2423
-9839
-7314
-1427
-81
-7179
2581
3907
-8454
-5533
6568
-1527
8766
9880
-6058
4967
9869
5854
2578
1381
-3484
-4704
-3366
-18
6616
1888
5105
-4669
7829
-7065
292
1032
-8972
-6581
-2745
4706
-4755
-9744
5853
-8539
-9435
1702
-2981
7272
4372
2964
-6372
-4722
-1848
6281
-2650
7791
-4494
-3924
-9170
-2910
-1876
44
-7362
-5896
716
-8753
-8884
-6618
-3721
5319
-9704
5746
7027
3107
4484
2747
6386
5159
-1619
3368
6119
6832
-6997
3517
-7791
-160
6645
-1050
8385
-5752
-1094
4604
2609
4606
-5201
-9051
-8012
-3889
-6297
7818
-5793
4193
6897
7815
-1279
-3879
-1946
955
8023
-7049
-7543
9704
5444
-4730
5809
5811
-7294
8509
-4421
-2159
7694
-2191
-8366
-5684
9709
-8830
9519
6412
5494
6564
-7666
-9518
3990
6089
-2514
7493
-6603
9603
7520
2768
6539
-6624
-204
3949
-1047
7474
-9880
8695
6041
7439
-383
135
9708
8106
8813
1593
7023
6421
-1108
-4634
8407
-3407
-8516
3922
-4854
5526
9222
-6448
8368
-5099
-3182
-2143
4567
-9824
3474
-4499
-1438
9574
8918
-9569
6993
-3411
-2314
1625
7528
1766
-2091
127
8
8628
6963
7160
-7251
-4782
8393
-670
-9771
-5129
-6967
-3852
-6815
-176
6937
-6506
1974
-7571
-2071
-2201
-7549
9118
-4726
7401
-959
1076
8439
-1022
1809
3378
2397
-5729
-8923
-8999
1450
-633
7800
-6783
7427
-2770
1896
3185
1600
-248
4547
-1390
-9718
6539
-2102
4156
-5554
-5437
9167
9864
-2444
-8390
980
-107
2862
6665
-5601
4350
-1262
-5864
7282
-1559
3808
-7327
9834
-7018
7944
4899
6135
219
-4792
-9801
-302
-4559
7976
-4403
3633
6756
7700
5766
-2489
1927
-7004
5870
-3268
2038
2756
4095
3697
-7456
-5323
1132
8349
-1184
9582
-3587
6722
-3316
1110
-6763
-4700
-4163
3018
-7301
6957
-5624
8607
-2096
1325
-2091
-6184
-8117
-7711
5240
9662
4298
-6913
-7035
4213
-3368
-3244
1671
85
-9077
-9119
139
-9164
-8059
-8221
-5508
-2196
-4469
5806
9261
-8615
7073
-8050
1372
-9649
3680
9268
-1625
5344
-8608
4617
9824
-6335
9780
-1151
-2027
6552
-2494
-4757
3204
7958
2555
736
631
-8515
4724
1942
-8379
6854
6800
-5635
1971
-1192
450
-347
-780
2984
3611
-8148
-603
-6495
1583
6375
-3734
-5224
-4904
1801
8942
1583
5770
-2671
-4096
-1907
6820
-8760
9779
2849
-4200
-3649
4182
8372
5949
-9928
9845
558
8406
-6278
3421
4340
9298
9274
9151
6635
1078
3948
2474
2800
-7582
999
-443
6
-713
-7502
-1176
7607
-4693
-4806
5485
9851
-3019
-1030
2687
670
5805
-1300
-758
-4119
-7233
427
1525
4071
8970
6255
-3732
-5964
-8922
1823
-400
84
-3223
-6741
-7882
-3672
-9462
2210
-8688
9588
1035
-1882
-8677
2126
-7136
-4339
-262
-1353
-6556
1215
3001
3961
-157
-719
-5011
2048
-4441
3091
3550
-8111
-8235
3352
-6965
-160
-8791
-1908
-9039
-3200
8973
-5885
4902
3316
-8964
7506
-4938
9612
-4924
-8270
8544
6353
-9627
-7914
4400
-3883
4880
-5316
-9398
5899
-5323
-6187
-8231
-4919
4331
-8505
-8222
538
-8448
8406
-2551
535
-8306
4928
-7026
-2637
9735
-3454
3415
-3629
8044
-7594
3950
-906
-9768
9333
-1430
-2747
7257
-1691
5676
-2024
5313
-252
6209
-388
4624
-7503
9298
8303
9645
7439
-8210
-1606
1023
967
802
1716
3946
928
-6553
7698
-5404
-8792
5622
3570
-4038
357
-6058
-8191
2168
-2010
-4082
1955
-9573
-3319
505
-6491
2854
6423
-9803
-5274
9467
1525
-6323
-1788
-9951
1631
-9388
5138
1404
9273
-1751
8249
-9669
-2549
2974
-5842
-9883
8918
2068
8185
4138
4777
-7261
6745
70
-563
6616
4998
-9816
-230
-3496
3662
8448
151
-4869
-8379
3839
4043
-7380
-6659
7696
-637
-7000
7748
-2532
-9290
4210
-288
7459
3063
2107
2845
-3476
-652
-116
-5505
4526
-3790
7849
-5436
-3523
2577
2189
-7751
-7689
3353
-5450
4479
6544
-4213
4209
-7629
-7813
-8997
-572
-7129
8225
9985
-3370
225
4270
6123
-3599
9715
-5413
-4992
5129
-8809
252
4898
-1773
-2356
3517
143
-6062
-6925
-8835
2853
4515
-7101
4368
-2472
-9420
-1743
-831
-4236
-4782
-1474
-9011
-3355
-8356
-3324
-6152
4842
-425
7778
-3343
-7367
-3011
6493
-6280
1695
4004
-4396
3890
1022
-3583
-9980
7247
1321
-7111
3717
3366
5234
-1488
2291
7953
-9016
-9872
1242
2409
4259
5378
2256
2311
-4028
-8110
8082
9765
731
-5895
2866
8867
1201
254
-1566
-1350
6063
4860
7792
-9900
-1488
5415
4241
-7766
9578
9012
-9285
5903
-4166
-2965
940
8373
1645
801
3701
-1992
2806
4732
-6058
1986
3080
1081
-9334
-9139
-917
4230
5782
7017
412
-7159
-1640
473
-9099
4006
-49
-277
-1742
4468
-6168
1462
-6411
6028
9205
-4649
6424
2266
-9994
-208
-400
-4524
5805
5598
-203
-832
2812
-9000
8658
-4637
-2441
8937
-6166
-2854
2278
5668
-6473
-1589
-3280
-962
-1725
3509
636
2827
955
-9132
-9258
-3857
6242
7890
4239
-8206
3835
-9286
-3040
645
-9454
7405
7945
2250
-6861
4594
1484
3901
6016
6258
9924
5646
745
3260
-8850
1597
8541
6979
-3843
-5226
1105
-3374
1737
6641
9852
-8201
9052
1599
9513
1907
9413
-8306
647
-9537
663
-9692
-5339
-1930
-8192
-9471
-9214
1395
-8696
6890
-2332
2770
-7052
939
-5049
-3617
-55
-8477
-4753
3677
1594
-8345
3798
-8680
-6990
3191
7382
-4829
-815
-1300
3135
7551
-6785
-1416
9791
-707
-7321
-9712
-6921
-4854
3574
-4421
941
-9415
-21
9126
9291
-8354
-1708
-6052
-3885
6995
-2190
-9470
-7026
-5851
3359
1768
2167
1671
6602
-2650
9236
304
255
6205
7854
-9977
7729
-3934
-9814
-7551
8291
7145
-7421
2068
-1988
2283
6629
-2369
2819
1096
-6104
4883
7645
9239
-525
8235
2534
-6505
1787
-3254
5721
-4509
969
4173
870
9566
6684
-7300
-3007
-6599
627
-3057
4942
5835
-4472
-1855
-4830
9567
9663
-8347
7478
-4772
-5981
-6293
7104
9547
1936
-9042
-1704
1441
-7940
-603
729
9257
3771
-2139
-4187
-47
7987
8389
4839
-8149
-4801
9468
5678
6993
-7266
1198
-9726
-3080
8624
4925
-2173
7236
5287
-9165
7185
6887
7302
8715
667
73
6062
4772
-6171
-100
5656
9915
4402
-8047
7300
-1773
615
-7853
-5713
-4234
5201
-4495
2445
7332
-7957
-3380
-5420
-1547
395
6891
-7273
6286
2748
6490
1127
-9934
3354
8031
659
4987
5509
8030
3727
-8906
-141
7470
-1155
7938
6446
-1003
653
8533
-3777
1120
-6627
-9944
-7649
1189
-90
9619
1373
-3845
7801
-6025
9340
603
7906
-2613
9220
1178
5484
-1348
712
935
-1829
-3498
398
-1799
-1430
2972
-9097
-7192
-7278
-3872
-275
8435
4338
5335
8349
8548
7143
-4034
2680
-2152
-1070
9251
8447
8427
-7452
-5198
2248
8358
-5027
7330
1566
4125
-3637
-9795
919
-7249
3663
-6515
-57
4347
-8960
5561
5353
8760
-3792
3682
-4533
1971
7233
-9470
-5803
-9209
8764
3326
-79
7330
7474
204
-9559
3797
201
3367
-4991
-2496
2250
2105
-432
5473
-7005
-8271
292
-4758
1576
-5711
-1589
2777
9425
-2017
-7071
-5113
8772
-5946
-3430
7005
101
-9624
-7434
-8314
2771
5136
1624
-5033
-334
-822
6925
6326
-6515
2548
3699
9370
2263
3669
4942
5211
-2517
-9291
-3730
-1314
-3379
5200
1240
6443
3290
-3989
5619
4614
-9233
-9285
8636
-1956
4719
4351
-9861
415
-4967
124
3107
1133
605
-4796
-9616
302
-7576
-9105
7114
1132
6964
-1279
4336
-5495
-7961
8256
1640
-104
8664
595
2672
-7337
6254
-1412
7310
9046
6105
3852
635
-9274
-9610
5366
-8122
6810
5350
2647
7329
-8542
9464
-5609
-7542
8337
152
310
4447
-5433
3866
5786
-9371
3626
9781
6280
5206
-7864
-1965
2041
-1506
-24
3747
-7780
-904
5036
-7682
-5969
5479
4684
2029
5798
1397
-1810
-3190
-2859
1498
6607
-7094
-3205
-6674
-5000
9152
-9278
3365
502
1273
2604
6701
-1010
4995
-8038
6194
-7648
9020
-7141
-9478
-1157
4973
-5629
-6183
-6697
-8750
6090
-2027
-7957
1841
-9872
-5340
4280
-3752
-4711
6156
5929
4547
-5670
7606
-6235
-6120
-8342
-4965
4886
-8060
3604
4334
-3999
1795
1590
-8172
1237
5276
-2917
7670
6688
-2520
-5617
4870
-4495
4442
9484
-6381
-6593
7700
9151
-2063
6365
-9934
8686
7667
-3472
2067
-348
4398
9597
-8986
4713
-2521
-1236
4571
-1036
9298
9403
109
5921
-9622
7272
-4934
-4155
8132
3572
3108
5234
-1351
-7700
-7981
-7922
-4727
2918
3235
-6205
61
-2906
8734
9538
8599
7126
-6578
-9648
-7173
-9605
8154
1523
6692
-6148
-63
-1817
-8333
-6106
570
8988
-5002
3459
-5515
2822
-6432
4004
7960
8946
-7538
7867
2155
7286
1700
9758
-1565
-1471
-5518
2504
-5418
8650
5305
9790
3503
4185
-640
5771
-2530
9937
1399
-8880
9429
-523
-4171
-8694
2820
-9497
9295
-2396
-4992
2243
-5697
8124
-2807
600
5911
5208
6624
786
-2334
-1998
-3405
9929
6183
-5476
-4836
-4791
-660
7456
9746
3447
8130
7398
-3466
2374
-9064
4922
-4411
7230
-8018
5273
4373
-7706
-5810
-5990
2798
3157
-1234
8813
6040
1194
1118
-8351
-4026
-2027
5301
1888
2384
-3110
967
-8585
508
-8749
-757
2096
-2172
9912
7902
-5275
-9278
-9388
-4610
1281
-4031
3943
-1733
1609
3681
7332
9249
5906
4042
714
-3319
8645
8439
9333
-2082
1345
-8126
-855
2319
-4658
-4301
-8158
1990
247
-3486
5754
2983
7060
6368
-6328
-2864
-5728
8524
2587
-2347
813
-4689
4102
7316
3568
-1921
9594
-2297
-2298
7450
907
-9168
-561
-2336
8744
6738
-1555
-9660
-510
-8864
6411
7625
-3270
1876
-6174
6375
-9387
-3880
-4172
-26
-7782
-958
8455
6776
-25
6581
-1096
3060
6448
995
-9700
1875
-8772
7968
-6852
-1457
3568
-7005
4912
4037
-6700
9648
-7239
7481
3361
-5084
7810
439
-464
7043
761
-3788
-8290
9063
-3573
4322
9505
8774
4480
7815
-1158
3069
-3200
9932
-5225
7557
-9444
-9905
-7276
7807
403
-7407
8814
8727
-1081
6811
-5525
7195
6315
-1447
-622
6826
-2882
-8048
-9397
-1791
-7697
-4542
-4156
46
-6430
7947
-1158
1004
-690
-5376
-8668
5789
1695
5458
-1556
1821
8913
-9239
-9173
2106
5997
-5767
-7819
2440
1557
-5291
-8467
-1128
3054
287
-6130
1962
-520
-381
-4121
7829
-4606
2066
8428
1140
-2551
6146
4212
-9185
8842
6519
6718
-9096
6514
5876
4133
-9967
551
9438
6226
-7749
-8302
-1051
-4093
6034
9778
-9672
-8567
6833
5666
35
-7804
4820
-8360
4220
9716
-118
5906
1364
-5886
-8002
5788
-5353
6322
-6402
4035
7706
2754
6285
8096
1107
-1864
5356
-2332
-7511
8210
-8130
7659
347
-2599
-1779
-6800
-1951
3269
8775
2970
9936
8995
-6288
5936
-3229
-506
6674
-3019
2873
-6934
7437
-4418
729
9635
-3556
-1584
3132
-7358
1481
5206
-9145
4740
3791
4124
7830
9953
-6404
-3182
-6403
508
4011
7478
5298
-8738
-3182
-2675
111
3000
958
-6782
1310
9678
-5515
-5692
8403
9252
-3133
8120
471
-8309
7094
-4087
-6874
-4611
-4101
7390
2452
801
-4283
787
6916
-1049
-4604
2679
3449
8045
2003
495
167
-9879
-5781
9124
-1805
7662
4395
-8518
-766
2777
7110
-9975
7067
-3006
7400
3564
-4437
3269
6939
-5870
7740
6237
-8065
5547
-7815
-5202
-1288
-2116
6162
-1978
-9411
3760
-3289
9458
6012
5198
8490
4614
282
6762
-819
2206
-4171
498
-6899
4922
-3520
-4816
-2158
4240
9860
-5350
-5568
-6019
-6384
5495
-6757
1415
-2941
4321
6680
3395
-5196
5507
9567
8498
-378
7299
-5327
-5259
-6905
-5422
5045
3127
-9205
9279
7629
4217
5280
-8326
6646
6712
701
-4040
-8242
-3661
2804
-8977
-8824
-5740
-116
-6626
8839
860
-2586
-1653
-7141
-7874
-9488
-1403
-1263
-2940
-7211
248
4932
-4612
4764
-5976
-3364
4887
6315
-8376
-6634
-6682
-4357
8402
1875
3899
-4723
-1679
-1409
-678
9001
-6270
3732
5342
4640
1948
-5088
-89
-1373
-9122
-5799
8730
6740
-700
-7102
-8430
-9286
1802
1478
7482
5134
-602
-6748
-5941
-7949
9801
-8947
-4729
5833
885
5797
3486
5525
-3374
2514
5376
3796
-2593
-7004
-6066
9737
-3994
8137
7106
-8130
-3448
-7203
-8182
8162
-1348
6559
-8104
1215
7656
-8425
-7857
3899
-9907
-7629
-6925
-2050
-7808
4374
-19
-1495
-35
6067
1434
8873
1867
134
-5139
249
-3378
4923
-3232
-4076
-146
-4883
-6914
-4103
-9174
-9970
1867
495
7842
-7450
-7770
-454
2763
-2383
-2508
6100
2848
-8037
8148
7801
8066
-9147
6119
832
-1876
7084
-7431
-3020
9580
4753
-5534
8933
-2199
-2737
-6152
-5927
-164
1498
-4046
6631
-5225
5363
-5184
3949
112
6590
-3763
-9333
-687
-3500
-52
3219
-8718
-9031
4483
-2639
-5791
7803
-2835
-1127
3804
-2074
9795
977
2026
4978
-6600
-5387
-5035
-5802
1897
6724
-5824
7840
-5771
4747
-6539
6727
-8214
-3623
-7343
-3579
1909
2529
9374
-7430
-4834
7375
-1800
-8612
-3520
9716
8100
7865
1879
2527
9608
-3871
-9105
-3474
2625
-3632
-7822
-4147
-3759
9215
5053
5060
4719
6015
6746
2216
-6830
-6517
-1681
-5407
577
-4680
1306
-2517
-1114
-9759
-4578
4377
-3063
3571
3058
439
8906
1892
-3809
-3825
-182
-9298
-7350
2930
-6545
-8620
5944
-8799
97
-9819
9510
4087
-2371
-1040
1530
4230
-9006
-2972
-4946
-5660
-1763
1814
7292
5051
-3503
6784
3339
-3936
-7975
8256
8284
-9947
-9539
-9533
7793
-3785
9989
-9807
8695
7428
-2871
8294
-4653
9174
6540
9470
-2866
-5399
-5198
8736
677
-2479
-558
8533
-7630
4293
6547
7686
9944
8168
5409
-9141
2129
-2192
8333
-1811
-3565
2097
4079
-8144
4737
-4747
-5498
5782
-6498
-491
-6960
33
973
-2131
-4
-6897
7124
6083
-9611
-5691
-4431
-9771
-4384
-8511
3163
1006
-9182
-993
4169
-3467
1134
3971
-2110
6710
-2993
-4988
8122
9853
-1665
-8380
-2642
-1309
4459
-1466
-786
98
-56
-6330
-2414
2382
-8817
-8718
9995
9342
-4291
-8362
-3517
9771
524
-3801
2111
4066
119
8617
-3554
-3587
-2113
-4337
-7503
-8830
888
7492
1643
2663
658
9038
823
8406
9283
-8568
5038
5747
9220
1029
5912
-9075
4668
7479
-9973
-310
3623
-1726
9715
4824
6816
7477
8092
4416
9653
1215
-9611
113
1631
5569
7452
-5829
8978
-2818
1256
-3003
1323
-3634
9830
-3300
7521
5268
-8253
9595
6007
-4370
-8381
768
3799
9712
-1393
1575
2424
9242
2727
3903
-8999
7224
-6529
9797
-4085
-5220
5480
8164
7496
-7716
5599
1211
8670
-6596
851
6100
-7479
-785
3380
-5180
3893
5961
-1580
-6295
7195
-1553
5038
8723
9283
3228
8384
-7648
-4333
-1664
-3026
388
-6467
1839
9441
-1112
-7892
-9058
-1669
7985
7106
1704
-4212
-6474
-64
-7096
-7642
-3984
4010
-9271
7019
5067
9046
-8685
-6612
-8597
5883
-4278
-9724
-5027
-4456
-7044
-5823
-6092
227
5873
-2116
1504
-1054
-3971
-9063
2274
2789
-5311
978
2311
7385
3759
-5294
-5324
7938
-9692
6584
-81
-2473
-7913
-4759
5136
1036
-7655
-3399
2108
3220
2094
3640
84
1060
8609
-1012
-5817
-2544
-1885
4554
-5772
9050
-8450
-26
-2335
757
5864
8737
-4124
7231
4209
-9343
-4575
2517
5333
3050
2480
-6375
-1972
3379
-3150
4868
-3618
-7670
7800
-5051
1077
-9568
3568
675
9023
1855
-8194
8255
-4099
-4780
-2226
-7537
7820
-5653
-9822
8147
7071
6416
-9041
5756
2393
-8518
-4494
-8590
-2029
4629
1293
-5987
4868
2176
4
1207
5761
559
4919
5721
6917
-9204
-7756
-1892
5926
-2617
-5334
7690
-847
-7911
-8104
-2704
-2460
-5268
6960
-5992
3668
1088
-6919
-8406
9222
7638
-2353
5949
3023
9739
1903
-6563
-9695
-9807
-6096
-7308
-5571
9876
-6376
6403
4838
6056
-1876
3003
-7831
-3516
-7768
-2809
-7048
-4224
3067
7976
-1555
-7825
-6357
3253
1823
-2608
-7982
6776
-322
-9186
-4926
-2534
8612
5511
2538
-7652
135
-6571
1509
572
5892
4016
3554
5449
-3019
-1439
4005
-1439
-7375
-1709
703
3276
4962
8296
-9167
2984
-8092
3358
-8897
3437
-9404
6383
-8287
-4898
6490
-8539
-7203
9258
4451
-2232
7999
-3876
4304
-8920
3060
-2004
3568
-5789
-1212
1964
-1901
6255
-9548
-4574
8406
-8961
-3623
8860
6596
1793
-1779
-7313
-2029
5363
-5214
6355
-7043
-3505
-7874
-8833
1647
5775
-3921
-5378
-663
-4499
-8734
-9189
1974
9798
-6953
9848
7780
1630
5228
8469
1099
6393
9006
-2449
-5341
5532
-7376
-7440
4409
-1756
-99
7312
-6315
9200
5323
-7422
2135
-6829
9069
-7470
-8640
6544
-8755
2745
-9580
8403
-4900
8514
-4415
8522
-452
-4019
3842
-410
5986
-2415
-3143
5912
2946
-5151
-802
3140
6810
3957
9851
5534
4871
-1374
-8004
-6945
-205
-2686
1163
9931
-2510
-307
-4371
3993
-9804
-2384
-5932
4284
-4672
-7021
-1882
7540
9644
-389
-7848
-9204
6836
8046
-1827
4356
2744
-7070
-4543
4401
4044
-7530
-6031
6330
-8000
3887
4797
-511
-3246
-5770
2028
9837
8966
9971
-9521
8645
9192
9641
2702
4281
-5330
3733
4183
8672
486
784
-4225
-3556
-927
6270
-5120
-9372
-1783
494
-7060
8120
-5261
8890
5213
-4611
-4178
-5196
8305
2773
6323
4218
-3554
121
-7926
-3725
-1245
-80
-9816
4904
-3407
-9131
-4184
-1311
5707
5596
9188
2220
-9126
-9866
6209
8024
7190
-9387
-8685
-4165
9183
-8950
-7571
-6799
-5931
-9344
-9102
6649
-3994
-6250
3252
8738
-2267
2699
-6942
-1577
-1861
112
7779
3626
-1891
-7600
-8829
8590
8876
5915
-9253
868
5892
-8887
7636
-2575
-8955
-890
5396
7852
4668
6483
-2914
-5410
2434
4997
6008
1192
-484
7912
5565
2217
-939
-5556
1154
-7201
2995
9315
-9648
9691
-9635
-4749
-5938
8707
7289
6928
8647
3957
937
2852
5563
7144
-1883
-2826
6456
2365
9141
5896
-7021
-3829
-9185
4832
9523
513
-4738
-1597
8872
-3980
-8754
1600
7372
-5928
-9539
-5610
-2490
396
4330
297
-8907
-3851
-6466
8339
-357
-5944
-2011
-8095
6310
8633
6610
-9693
3968
8144
4401
-9455
6154
-2193
-468
6050
-6582
-8764
7504
-4522
-5351
7609
7863
7299
-8060
5881
8063
-2726
5986
-1474
-2619
5123
-4021
1809
-8987
7291
5670
1035
-9918
5742
-7830
7864
2080
-3159
1836
-9070
2676
2661
3523
-661
4195
-8466
-2144
-404
-4633
4722
8169
3935
7759
8858
-3111
-3508
688
2967
4908
-7318
-4651
-4497
3958
4162
-4678
4913
4553
3205
-8145
-6734
-7383
-6235
6622
-7703
-2607
-3832
8475
-96
2952
-784
8622
8273
5443
-3633
4963
9831
-3322
7458
-2639
-6120
-1110
5071
4294
-6040
-6090
173
-4620
5262
9318
4408
-388
-5750
8393
5670
1912
-1749
-250
-4781
9676
5801
-919
996
-1448
-7485
6879
9856
-3141
-7793
-7260
-6856
6033
-2720
-1173
-6489
-2557
2700
3022
-5391
9802
4315
2224
-3331
9169
1197
8282
8441
-3523
-7120
7562
4104
2730
-5261
-1450
-918
307
1267
6668
-6770
-6795
8984
7254
-2931
-7047
1332
-6321
416
-9471
-6668
-3276
1256
-742
8883
-8370
7768
1195
8119
7398
-7252
-9141
-599
-7942
6818
428
7655
6058
-2003
-9131
-3398
1724
-1988
-7816
7795
5394
9582
673
1465
-2273
2858
-4871
-7365
2890
-5053
-9579
6224
7424
-4453
878
-1225
7345
-9852
-6742
-3500
8576
-9193
1882
-3313
6381
4916
434
-8260
-8496
-8152
-8840
-6281
9312
9867
-1542
-7078
-6018
-6703
-2508
8152
-9649
-4359
-5060
2973
-3867
2078
-93
6643
-7544
-2777
-1443
2590
7786
571
-5836
-7260
2110
4964
5684
1499
-9431
1324
-3288
4727
7594
-4864
-6710
-9427
3992
2031
5816
-9552
-8979
-4108
-3013
-7734
7415
3058
-4956
5819
-5473
1251
1588
6517
8777
-9624
1209
-5128
5556
-7136
-3206
914
-7460
2161
4835
-9390
-5831
2626
2276
1907
4357
-1035
-3360
7708
-1709
-7037
8825
4905
-4278
8327
-4235
-3688
-2268
8721
3347
8090
-7678
-7167
9401
-1206
5384
4072
-9855
-3031
2468
8345
9479
-9010
6120
2112
8534
-85
-2214
-6181
-3737
-8683
-4513
7930
2864
-3191
1231
6300
-7207
-826
-8207
5393
-142
-5972
7718
-2644
-7581
1566
6137
1751
-4734
-3254
5391
-8277
-272
2326
563
3278
-5483
835
6797
-1920
6307
-5522
5450
1929
4853
-496
3948
-6459
1060
-147
-9768
7170
-6718
8109
-4157
-2322
-3432
5984
9926
3114
9931
3285
-2769
-831
7869
-5019
6400
2968
-4783
-5720
-2509
903
-171
-3852
-6898
-4782
-2101
369
5021
4742
2733
1732
1451
3321
9690
-4876
-9432
-4389
5746
8148
-8102
5690
-9631
-2965
-1545
-4777
-8788
7934
-9270
4664
-6351
6133
2314
7893
7345
-8242
-5524
5408
4586
5665
4675
7944
-1419
1044
2568
-424
-2611
-6174
3481
1934
1114
9695
-568
-7211
5877
-5995
-9054
4628
-8860
-6914
4291
-5969
-3368
-6335
5508
1853
-7865
-495
3000
-3478
4724
372
2298
9593
3763
9412
375
9451
-2323
9308
-3424
5513
-3343
5333
-1499
3490
6129
4785
-753
-1277
-105
3338
-3622
-2365
-1672
-8217
3822
9759
4910
-9608
3215
9843
6527
3423
4177
91
-2754
4467
8946
-6853
6580
-7567
818
-5333
-5253
-2959
5067
-6798
-3688
-1485
7729
3429
2692
4516
-1212
-3256
-7232
6343
4682
-7929
69
6272
-4523
-3804
-6751
5215
345
3206
-5712
-1735
2342
-7336
-6387
-2272
1047
-8335
-7561
-2901
-9516
5558
8817
-6490
5305
9406
5195
-3294
-3117
-71
1873
-841
4832
-433
-5152
-418
-2604
-7684
-8807
-9180
5065
-5649
9390
-1001
-847
809
4207
8516
-4064
1660
2621
-7776
5426
2725
-3921
-7591
-7207
2303
4003
3505
-280
2736
-5914
2522
4138
-3879
-413
5198
-9346
-3089
4635
-9284
5314
5501
9704
-6284
-4692
5684
-1332
2723
-8216
6228
-7774
3604
6353
1592
1367
4475
-638
-6311
2052
5673
-1245
-4015
-5775
-5260
5328
-2131
4745
-6008
873
4003
6064
7565
5314
3772
-2654
-8494
4296
-2295
1396
9828
9961
3253
-6824
3206
8379
-266
9760
1618
-7518
1719
6044
-2656
-7638
-6373
2272
-9267
8073
-2888
3673
7022
3300
-1079
3619
1516
-9371
-268
4401
-5839
-752
6292
3278
6415
2867
7616
-6272
1075
3249
2593
580
-5037
8286
4036
3147
8489
3123
3278
-5115
-1486
-4572
9082
-2067
7515
-8142
1897
-8734
-4382
-1283
-8245
5901
-934
-8109
-3856
607
7802
418
-8288
2689
1479
-3357
-774
-6268
-7062
-7344
2977
2009
2341
9476
-3591
-2573
4179
4683
9843
-2647
9425
4446
5402
2822
6478
-5104
-5634
5128
-3956
-9356
9383
-803
7751
-1456
6707
-2560
-9661
3910
-5577
6991
-4105
-9450
-4175
-4125
3302
4108
8199
-2839
626
-4824
1520
2213
307
-7047
3818
2855
993
7173
3136
4216
-4752
8233
-7727
375
9586
-7375
-9114
7896
-2261
-3816
1268
-6357
2573
5698
2528
-7155
3786
3699
4844
9569
664
6316
5409
-6419
-7747
-3809
9834
4919
-5692
-3579
226
-893
-9540
-5350
-7916
7876
-3460
-3854
-1291
-4622
-8128
-95
6245
4257
-2768
-9514
8606
-3268
-4176
9557
-5209
8342
-1505
6011
-9974
7419
-8533
9322
5321
9152
-4214
7012
-3104
6235
5417
-2290
5069
-2726
-9590
3045
-2467
-8282
-4516
4232
-5217
4281
-9617
2841
-9696
-5051
-4501
-4767
-1643
-3856
-178
2073
4129
2909
-4684
-8027
-5892
6123
-5934
9808
-3909
1013
3281
4180
-1224
-9194
2852
-8923
7265
6759
8750
-9470
3597
-6052
-5112
-8296
-8336
2719
5182
9952
9097
7030
-5245
-3643
-6283
-8928
3853
9581
-4617
-1390
3414
-438
-6586
3721
-9280
-5314
8713
-4674
-3337
6631
8657
7202
-1368
3808
929
3858
9104
6335
7995
530
8693
8417
4705
-8192
-842
9113
311
7513
-4364
6226
5643
-5746
-7060
-9538
-1943
2875
-7692
-6785
-9365
5325
-3827
232
5175
-5995
-330
9883
9978
2277
5587
7483
-6752
6137
3096
-6131
-3717
2176
-3586
-6237
4611
7489
1293
-8173
6045
816
8389
-476
-9636
-1358
2636
97
5548
-8958
8406
7150
886
4029
1100
8464
-2508
7258
-9871
-280
5272
4118
-9032
3743
-8152
-6349
3701
-7067
6890
-2593
-6800
-4294
-6446
7450
865
-7270
4879
-1095
-9023
-7028
7064
1539
-8269
-7723
-4218
7900
-2874
-6782
-1873
-7833
-7147
9387
8684
-3796
5931
-3655
-2274
-183
6380
-275
2124
-4288
7393
-2089
4566
-1922
-9737
4250
-9023
8891
396
6951
2264
5399
-4494
3014
-9695
2681
-8172
-6516
-4880
4065
6616
-9486
1575
-4491
-221
7458
79
1156
7247
-3425
4323
882
8050
-5916
4710
1827
5012
3508
4911
7155
-2918
-7725
3993
-2399
8293
6952
-9311
6792
6419
4369
7315
348
9285
-9949
-7433
2185
4696
236
7222
9740
9119
-6153
2660
9228
-7413
-4254
-1280
-8338
-268
-7262
9531
8174
2298
-358
-8424
870
9583
5286
1237
-5696
5035
3999
-1192
9382
-9345
-4209
-6623
-3977
958
7864
3836
3470
9687
7651
5770
6067
1963
-4563
-8276
8250
-1282
7319
-9491
1131
1234
-4746
-1596
3036
-3323
-3899
-980
4578
5696
-2486
-4971
3635
-317
-7334
-7282
1254
961
6281
866
9253
-9811
734
4155
8720
-4056
-7877
-9544
-8299
-5210
-3892
-1475
7606
110
8985
4395
1993
-6027
1327
-9842
-7915
-8764
1545
295
5117
-5406
-9275
-8208
-7657
7885
-6153
-4526
-7156
-6829
8787
-4377
4881
-6158
6204
6344
1464
1877
-4833
-2424
4282
4719
6415
5902
5928
4473
40
5875
8179
4865
632
-5087
-8891
9599
2042
-4302
934
-5165
-1293
6628
1400
-1859
-1635
-2119
-3237
-5653
-2652
-2601
-1717
260
4857
6773
-1029
-3020
6669
-933
-3741
9447
-1297
-3233
-5702
-2132
-277
24
5023
-860
-3790
-641
-5505
4403
-3850
7422
-4993
-5967
4948
8694
7370
6303
-2400
6941
6600
547
-8834
-563
-7539
-8902
-1351
204
-7230
8394
-4373
7941
5072
6272
-3910
1863
-5076
-2204
-5813
6421
7436
-6203
9757
-1206
6588
-1034
-4325
-8318
-2974
-1840
5057
-7211
9264
-4180
5210
-2992
636
2115
-3110
-335
4664
-6866
-3462
-3740
-9504
-1813
4575
3949
4115
-5237
-40
-8879
94
-4024
-8141
4825
-2015
-7079
-7157
737
184
3366
-6913
-6753
9398
7583
9776
9221
5683
-9770
3303
-8042
2875
2575
4081
-8379
-7013
-3081
-995
8547
-162
141
9728
881
798
313
-5008
-4346
-4082
8539
7585
7193
5377
8184
4824
6238
-641
-7834
-6621
-7675
-6550
2744
-3470
2534
3077
3510
2794
-6102
-7959
7400
-219
-2974
5760
6380
-6798
7174
2995
-3903
-2025
4268
7824
-2862
9768
7089
7411
-5034
6837
5800
-2765
1726
-7294
-2111
-233
-2831
4795
7618
-8549
-8548
-3504
1019
-9170
7250
5854
-8609
-8598
-9307
4379
9818
-9430
312
7329
-8015
6181
-3834
3179
4712
-8683
1409
7496
-1389
-8792
6680
2013
8633
-6356
3669
-546
1105
-5325
9225
-8880
2692
-6969
-5559
4741
-5477
-4711
-8793
4909
222
71
5764
8621
1352
9627
-1055
-1287
-5705
2756
9962
-7285
1851
-2210
-6761
-6581
5955
7710
-2471
-3860
-6177
-6926
4914
6105
8740
-669
-678
8951
-6590
8520
7162
9864
-7681
3398
7540
-9433
9757
9887
-350
-4350
5353
-3071
-3952
8867
2023
-8449
-8498
2745
3168
4200
-6254
148
5547
5439
9497
-2469
-7154
5847
-6246
-3238
-7701