-930
901
943
-562
216
-986
105
725
18
-749
-451
-740
993
-996
748
-810
-397
-404
-349
554
-93
80
457
280
-853
-196
-22
256
-603
-36
-848
-682
853
621
-124
-729
895
-271
-83
649
770
-817
-660
115
-213
-605
576
120
336
-906
89
713
-512
771
-402
757
-417
-597
686
891
-670
811
504
968
422
57
786
-196
365
916
36
134
490
829
-3
-869
764
-239
389
827
-900
133
-239
-314
38
44
647
-157
165
-677
-167
466
62
192
-559
-467
435
-686
-678
-339
-120
-953
364
-415
564
-204
-442
-510
360
40
847
-430
751
470
-457
-107
-387
180
-635
-814
210
-849
-449
702
36
-743
-952
465
912
-313
-608
334
-284
-479
-327
965
562
535
29
-519
977
-624
-446
127
906
-61
-37
-388
847
-409
52
-647
628
-502
553
443
-840
528
781
-627
-130
-295
298
-141
591
142
482
-67
-380
961
583
714
307
-543
838
-941
419
-617
-938
-338
-346
835
32
829
72
-51
796
-822
942
-530
-893
368
-404
-714
434
-833
131
-124
-835
-764
540
911
845
-462
-459
92
942
304
-216
629
-874
386
-884
852
-739
-245
473
602
-232
-489
-538
-247
800
241
-910
-366
-2
-180
382
190
340
-517
-602
859
-623
264
798
-773
365
-467
-325
-253
-794
761
149
157
-99
303
725
-835
217
837
404
-618
-647
-553
766
-827
219
844
810
61
-431
-359
136
-712
-504
-149
491
502
-572
-307
134
199
-397
-121
94
785
-655
-360
-599
-818
-560
-477
385
184
-495
349
-37
240
-636
325
-929
581
-426
64
824
336
-900
540
-542
-299
-305
895
-629
750
573
409
565
875
995
652
654
312
-486
-6
-345
861
-895
968
126
-695
205
-215
299
204
975
-773
269
-977
-966
939
67
425
-710
-77
91
-522
-586
189
-217
-477
596
76
-655
-168
209
-917
-8
743
-130
662
799
-340
-485
-60
-182
-710
483
-552
736
993
652
-399
475
-843
-638
-395
325
349
-751
341
-197
-596
813
-329
756
220
-464
319
674
-379
78
-5
22
116
-156
496
372
-569
615
-884
690
144
730
-55
931
67
-844
322
902
-919
-554
-929
-36
665
-268
208
79
450
-669
888
-878
577
277
-870
-350
-423
961
454
132
842
-522
-14
323
-504
-47
0
928
-228
244
-71
981
780
579
-610
-970
-584
-662
780
-955
-141
28
-290
-415
343
-927
535
945
383
-182
-586
-103
86
823
-258
-803
-214
-558
948
-799
-911
-422
-376
79
54
-475
141
236
-880
-162
-611
-534
-956
-459
-119
472
764
875
987
572
-400
-591
-473
-570
-537
952
-22
-763
-442
-75
673
543
408
973
-114
447
136
549
-154
-492
-157
-243
-736
-187
787
-516
-658
-617
-578
-131
873
407
-117
-331
-120
-243
-772
-163
630
510
-468
234
-197
-419
95
231
-175
147
324
-501
858
-785
435
175
541
853
-934
-895
-213
768
-270
128
867
-654
304
-76
-171
432
725
-328
423
983
-790
178
-987
114
-112
20
883
-601
-890
-206
-864
-991
-859
-334
-376
564
844
-226
-483
790
399
182
232
-365
998
491
-593
197
117
-398
487
-94
-397
-781
-415
496
167
168
-720
169
343
-908
-437
225
122
197
-398
383
-167
816
-112
-728
-695
56
823
-142
-330
421
-569
103
72
400
-604
611
-959
-60
-342
-747
364
143
233
629
287
-973
-345
-757
-542
26
-610
-200
-500
-214
-887
76
-463
555
575
812
91
-961
832
299
996
808
-885
593
520
667
745
-362
371
-368
-207
606
-112
-260
-405
-715
745
30
-513
-815
176
403
-131
606
465
457
-232
-258
996
-816
930
-918
-201
388
71
-725
-375
-555
329
-740
-908
326
293
-639
866
354
-230
921
794
-698
-8
451
361
-724
57
931
81
-31
690
-333
281
-747
-38
-929
-607
604
696
679
766
604
-217
-276
-4
-21
368
734
-344
-161
552
-330
184
262
-199
-792
614
594
-775
357
-242
-66
665
-790
-607
-991
896
-299
-480
-105
456
547
551
-763
666
686
-431
735
182
861
-44
-379
371
-102
-679
-561
-656
-736
-738
500
746
866
-624
682
417
-706
739
-526
-622
-354
-946
635
62
947
-628
799
-281
72
844
-619
-534
335
426
-735
-783
875
696
-854
-402
-325
-320
-875
-197
-345
-429
-398
-388
-608
296
984
-772
907
-973
-401
-879
-547
306
719
-215
-437
-134
-213
-459
-983
-732
-997
-49
487
281
-159
747
433
13
710
31
360
-746
-984
840
155
409
504
205
-721
761
570
445
-648
-611
796
-769
675
-786
132
185
-648
-507
-520
753
-418
-664
603
846
918
471
-95
901
-137
-53
-498
-962
-841
-796
-322
-778
737
-498
-411
89
-828
311
-585
885
328
-907
-444
-383
497
-831
-324
-898
708
-345
-752
-875
-692
-158
119
38
523
-279
693
695
-414
-561
-627
241
971
20
263
330
292
-254
-970
-725
156
45
-958
785
767
-195
135
372
655
-203
430
761
-802
686
-705
-863
440
-69
-187
919
397
667
-131
794
-317
-717
287
37
-485
563
359
-260
888
-814
-125
205
-642
435
881
285
-689
406
656
-503
-279
530
-641
-674
-63
-940
-938
57
-836
-419
-658
-33
-907
-270
-237
-773
-855
511
-822
-941
-204
533
79
-209
834
-476
659
941
-855
-210
234
391
660
402
634
-130
-861
904
-483
183
-577
469
259
241
-4
852
613
-805
-854
637
166
-884
571
968
244
-152
915
-53
290
410
-810
897
577
-229
-457
693
682
633
215
-764
774
-937
252
-56
-261
493
-790
-246
-202
500
645
337
947
-385
-145
921
-668
576
-940
-424
-751
-975
336
897
-911
466
-956
-122
-809
-244
-673
-293
876
-274
-921
-593
-574
455
209
-376
906
-564
-520
512
-528
-14
71
-119
-651
156
-501
591
-188
555
826
38
-602
451
776
-866
-660
-233
82
-791
586
-941
-372
233
92
-70
423
571
-233
-251
73
-473
251
594
-733
-122
320
-793
-605
-216
-820
94
915
400
751
-705
-403
603
-29
-913
816
134
-303
-43
553
460
-59
-92
877
-611
343
675
-446
-765
-969
274
454
-897
-20
82
-868
251
-751
727
-122
-88
351
125
642
193
-457
478
339
-366
1000
141
-130
-653
929
240
-246
554
664
423
919
556
624
-732
891
965
663
-589
-966
-144
-566
1000
-556
757
310
-124
-138
-52
960
767
-780
-86
-518
854
765
822
591
-90
-602
-963
81
538
-494
-437
-152
729
180
656
-823
355
-583
802
176
88
900
-23
495
882
-100
-907
-473
-741
952
-907
-286
-527
-20
-79
-530
-412
-166
374
288
-723
776
-147
-40
-774
-722
-765
-493
-777
575
242
-656
-782
-980
177
990
-739
176
-247
-413
828
-527
325
214
-959
-150
-901
-5
-264
-552
-155
-524
943
343
-655
502
-451
425
-359
-615
-398
-747
839
170
-748
-829
-820
-31
-959
-561
-248
-858
-889
841
-350
-899
739
821
679
909
-366
-720
808
88
742
360
206
447
-811
-267
-623
827
-116
771
313
-735
-105
-80
-52
61
155
-888
-767
415
14
520
666
567
307
-561
-753
-982
-312
653
25
-202
235
824
-606
871
841
-309
921
885
-195
-10
-536
999
754
-203
-26
900
-281
-508
-137
-380
-854
-106
233
-805
384
-439
760
117
-643
404
-292
316
-675
-265
62
-589
-449
-591
866
-533
801
-252
-474
-996
475
899
264
179
-57
-313
-523
-330
249
-573
-401
-291
-346
232
774
-582
-850
-546
1000
167
472
307
619
558
-281
758
-651
671
-276
370
-902
811
360
830
-533
-527
912
918
838
237
-353
510
861
328
-433
-111
-202
913
895
-835
120
322
355
-747
196
-307
-307
565
39
-38
457
197
-901
573
-998
-84
285
209
487
-926
974
-628
41
915
-300
-639
578
696
683
-410
264
-875
-417
-512
731
198
90
-344
401
385
-297
-969
-656
-396
175
135
-985
769
628
217
-512
950
478
915
810
-316
-806
-186
-899
-857
40
-85
527
-423
985
-169
-201
751
-399
-235
-700
-192
-653
-378
-824
671
-97
-931
-118
-68
-274
506
19
-9
207
-684
719
473
-511
110
854
666
77
-437
180
253
-768
-112
97
-155
-787
-77
-304
632
588
229
674
925
822
260
220
355
627
898
156
341
676
-662
340
133
263
-644
97
423
909
-413
-162
481
57
745
777
112
734
-280
-600
-599
207
-174
-406
-218
308
-475
-530
-186
526
589
307
54
-358
-919
150
-367
991
777
-297
407
-847
660
217
280
-966
361
870
851
-945
231
-43
713
76
-703
431
-332
555
345
676
981
-747
-817
193
493
-828
-976
535
987
-651
-576
250
53
306
377
-85
-253
761
-444
-102
725
-857
-376
983
-623
-555
-608
-213
-573
-504
-819
47
-541
110
-888
807
863
733
291
139
136
-207
753
-793
843
853
163
210
737
-16
-309
941
-202
392
960
447
-352
355
-168
-369
-15
-624
-703
-869
167
561
147
537
24
311
-178
-106
-165
922
399
358
-600
-783
760
750
381
173
743
319
-369
-600
-403
27
-549
94
13
-519
-539
-53
-659
-14
817
-228
-414
-579
22
788
-476
19
117
990
224
633
-445
-231
-476
-822
299
691
251
715
-725
95
384
-781
133
-112
718
-920
-327
484
-748
35
196
-245
-181
989
887
-554
522
-558
586
-434
-81
33
833
-74
83
-600
-333
311
253
-122
-899
188
538
-307
-16
-255
-118
-427
-333
-74
-312
82
-336
215
447
972
-395
318
-138
454
812
643
-984
686
103
171
-439
-417
-329
-903
170
809
-930
95
781
-151
-886
757
-155
134
14
173
233
-768
168
-83
423
659
-859
-396
-827
-915
-524
688
398
366
-595
-226
223
-562
-817
808
392
658
-232
-226
848
171
-540
-111
-267
-56
348
393
377
-610
-971
-16
844
753
-17
-748
454
537
107
-38
-254
859
-620
388
-117
519
-638
-628
-871
979
92
-130
-920
-669
-81
-624
-329
-302
163
634
256
-371
-744
-594
-924
-790
-606
682
-425
615
-578
467
657
78
601
-882
-569
511
-256
-208
729
962
199
450
221
-643
521
-488
812
-133
-396
890
733
-931
-38
870
876
-978
713
-515
660
349
-522
304
-175
677
-795
-245
-523
709
-64
279
85
-456
158
-274
-529
-560
348
749
225
349
-767
-809
-820
-107
-469
395
-488
-750
-252
603
735
-234
-62
178
555
-238
-729
187
-633
214
654
282
-104
169
-848
983
-475
955
601
-466
-771
262
-239
-406
-994
-691
828
894
-450
-966
-482
-799
-102
754
-606
97
-742
494
-746
870
486
362
-226
-75
638
768
366
-189
867
37
-292
779
-37
791
-687
923
-183
77
-100
-471
-481
62
-493
260
-794
-122
235
-502
-298
-767
165
-157
-294
-826
715
136
723
-24
-643
919
-77
-459
212
-863
-498
295
-121
-654
104
773
-65
-291
-84
832
-702
-239
-485
687
-959
-177
-941
459
100
231
-699
450
593
377
459
894
-403
-393
929
-844
-20
479
511
-227
-595
501
110
560
648
-79
-154
-858
723
-786
679
-190
-776
-307
561
-808
779
-22
-540
59
-834
517
-484
-387
-113
89
773
-633
633
-75
-630
656
383
-267
871
290
-428
613
128
-143
522
631
-675
-36
465
85
973
-925
63
209
-535
164
380
259
-998
407
-815
-417
-160
-185
199
-692
826
-841
-575
205
864
514
-761
-482
106
175
-759
-874
664
971
38
44
487
-54
234
-913
-391
547
-360
282
947
465
-967
-971
-247
943
-575
-376
-916
106
853
-674
-998
216
24
975
623
-721
796
218
880
-492
-880
882
826
-253
-825
-120
-861
919
210
-223
-765
-900
111
-305
584
948
245
358
-189
495
-14
204
82
208
-691
894
-872
143
-783
-482
856
-881
-132
-532
-568
500
483
630
960
41
-675
453
-513
-928
149
-912
119
596
-34
-75
712
-640
-226
736
-384
602
-545
-440
542
650
280
-229
-836
-143
-676
-739
315
-728
-712
103
-404
499
196
-922
684
-340
37
-834
662
79
-583
757
-468
-99
-738
788
706
934
-259
-902
-639
248
-723
887
600
732
-815
940
-415
468
431
710
-913
343
-174
-749
-145
721
-385
43
317
-522
-229
487
487
460
-160
601
361
-383
-554
-442
-51
-237
707
-100
-537
-887
612
-258
-147
266
87
-338
-215
461
-863
79
-647
-256
770
167
-769
-705
785
-677
840
-234
-394
-241
-632
476
448
972
934
237
-257
797
-838
-816
320
425
702
286
100
697
-653
104
782
-278
-56
-641
-431
244
-447
302
-555
357
697
991
-223
-883
39
715
-898
622
349
-283
-168
-871
-379
743
-812
-608
687
-900
-612
-361
-917
-628
-386
-158
889
-418
609
609
-910
350
-398
713
-452
871
825
-503
-689
-877
-36
973
-148
-49
348
-763
810
-942
153
210
100
896
439
-35
428
547
-437
-637
269
-84
-298
-292
-336
-512
150
-731
-363
-902
-1000
594
197
823
257
-602
-786
795
-512
337
903
566
972
569
-460
458
97
-531
-415
-658
-886
543
946
-469
257
70
-879
-138
485
347
441
58
-656
880
200
-682
-376
-7
-204
-617
-225
401
-499
-837
675
-647
-278
-604
-881
-812
-444
-865
277
-297
245
774
181
-814
361
-306
405
772
-337
403
218
-928
-325
-792
304
414
-239
339
-852
108
-623
955
124
-613
611
643
-791
878
-731
314
-421
324
476
765
714
-941
492
-830
-329
-79
-940
23
656
-792
117
-809
-989
135
-674
-338
-725
-311
958
341
244
-766
325
-427
329
-182
865
-17
-863
372
-367
-339
-225
-918
862
814
638
286
14
-215
810
526
-609
-982
786
587
291
-799
790
-278
576
-26
-517
762
306
-282
-651
-199
957
651
279
110
474
270
-946
-9
-483
480
-334
874
-884
467
-764
-490
597
652
276
-933
662
558
596
-518
864
-532
150
873
732
755
884
-994
248
-663
396
-901
-880
-968
971
-619
359
565
-420
-508
-990
-433
780
-815
-91
880
-248
-640
834
-214
816
135
208
590
465
504
616
-162
-960
-376
547
514
915
884
680
-836
586
-763
662
-110
370
676
-487
-568
612
999
-438
-596
823
641
-116
-516
-165
36
-170
-135
923
-631
830
930
350
879
-650
146
666
-671
386
343
284
251
-921
-84
677
-722
140
862
-748
-652
-380
-98
-406
217
-289
-698
447
324
824
831
532
-103
-296
216
-841
312
804
-726
-706
499
670
705
761
678
-260
-356
856
-994
868
137
390
-449
952
0
-68
307
25
428
651
93
-216
-639
95
-816
143
-180
903
-935
-82
895
-551
-557
-112
951
-935
-547
-970
-811
-981
245
-551
-641
52
-628
870
35
532
-337
-682
727
-956
489
246
-804
489
848
-382
607
499
728
947
-309
-360
374
-899
827
659
842
325
500
-895
-112
286
-71
424
-359
-993
-327
61
-200
476
-827
-47
583
634
-6
-986
780
-921
921
-522
-421
947
685
754
105
-399
-482
740
242
147
513
930
597
-125
647
628
26
-978
-167
-232
844
-803
685
433
168
-147
-104
435
701
-500
-410
909
-157
-339
982
-100
-136
-464
424
-893
-663
-725
-656
613
-212
-101
649
-392
967
356
961
-576
-101
-120
909
340
-249
-141
-701
-602
815
608
-347
858
450
-906
556
366
-985
-332
464
-119
992
400
-546
-254
291
258
272
288
-547
22
408
195
802
-146
-503
-961
-605
-882
-781
-937
786
86
547
964
-700
954
-606
-539
203
965
536
352
-753
72
826
-860
-81
441
882
497
-868
-194
-885
-947
831
501
-479
-698
-166
-483
906
497
468
61
187
501
-766
830
444
-620
638
-420
-9
880
-614
42
218
-186
817
-596
-519
-488
115
-845
931
-931
916
751
-91
-249
521
865
438
416
-522
633
-398
-503
-830
-432
538
-340
-343
371
533
97
380
565
73
836
519
316
179
-915
-573
189
129
-953
197
-16
-207
78
-146
-634
103
285
508
-568
938
-623
-819
-21
156
-803
-21
-74
-609
-200
-468
282
-784
-4
215
441
-7
-65
40
890
686
-589
-947
-28
717
-461
-74
-456
-53
825
-447
-50
613
-444
-691
614
-626
718
-614
-150
968
-933
334
539
-204
471
497
180
-52
288
-144
361
933
51
53
-14
-19
707
-524
106
232
110
364
-205
675
685
-434
-95
443
761
148
-31
856
577
19
771
516
-699
146
163
271
622
331
919
550
95
-146
-949
-952
-548
-551
-1
257
954
939
-338
-541
-706
-728
65
-316
-143
-24
87
317
-60
552
454
873
291
412
429
601
628
-104
-159
-320
449
-539
-201
369
309
499
163
480
219
764
-717
-610
139
808
-445
-910
-885
-412
181
808
-652
-914
780
870
743
-231
-964
-497
-687
-266
-177
129
-216
-622
-846
-661
651
-902
767
994
565
-271
885
-926
-343
922
529
645
531
-500
534
-120
270
-12
267
-743
387
-231
-588
713
-48
150
164
297
-466
-681
-93
-52
-171
480
-800
198
362
575
-335
-424
0
746
-628
-685
337
309
-774
399
832
-518
-889
-900
-863
351
-342
419
-662
-943
464
280
-999
-600
279
-910
-980
270
600
-998
-609
-669
-287
525
840
-464
881
-690
43
129
554
-481
199
-757
133
-193
-515
401
800
-567
806
669
665
158
43
-107
-340
-24
-321
-554
-180
997
-603
-752
89
-449
585
-73
97
-989
-857
-533
-541
-361
228
-806
220
-667
-696
798
67
123
396
228
906
-511
-540
-768
770
-444
-842
-759
776
188
-444
-543
293
-768
-762
278
506
592
-914
895
-686
-976
-371
327
-957
546
-249
688
504
595
-532
-909
-667
344
709
-384
548
594
795
698
-826
-481
561
738
798
716
-405
254
937
885
644
550
291
287
778
-275
123
319
-789
79
614
176
-273
-597
-159
-830
120
-397
264
270
252
458
-317
200
88
-72
891
-302
-449
904
-647
-827
961
-552
-54
412
-726
927
-29
-206
-568
427
121
-846
482
745
297
-594
565
818
-770
-93
679
-668
862
-199
-114
-563
-828
-122
792
651
-117
-947
-643
-810
-154
709
387
-608
-198
650
524
-245
851
-950
-358
141
-850
-345
-450
440
-80
996
-97
927
281
338
535
-625
-569
-778
-982
901
-183
711
-252
848
-986
-710
-805
384
-855
-354
260
-117
596
-726
949
915
306
381
456
377
165
663
-187
-397
-821
980
-106
-35
-187
136
414
-318
760
-340
-509
267
759
-701
921
430
863
863
246
-334
-501
456
765
825
420
323
-743
-693
387
601
-615
790
-976
-562
300
-39
513
-540
-424
725
-959
959
639
479
968
896
835
328
-670
-593
-435
732
533
-20
-519
901
-137
-702
686
-3
534
968
-873
968
-491
-853
908
-259
672
-404
-154
742
18
-595
-839
627
101
910
-334
472
623
-727
847
512
867
769
-310
810
625
977
399
-974
-847
-443
-926
912
-252
890
-377
292
-254
142
91
807
210
577
629
-678
818
-83
-322
-790
552
-964
268
421
199
204
-745
-117
479
612
641
690
-989
777
-166
-966
-576
440
-523
295
-413
516
862
-670
359
764
-25
-158
-359
-364
409
-739
103
-906
114
348
-8
421
-372
940
-182
-813
629
-675
76
-758
799
37
670
-602
-873
644
829
-91
-457
-2
233
911
-586
371
395
-935
112
573
-402
-309
-212
109
-87
213
164
-716
836
-713
-730
-735
512
837
-736
-997
85
953
-821
-97
-213
224
-280
-699
-801
-369
95
-423
-552
-516
-312
972
177
-868
495
261
706
-363
614
-115
-139
-440
144
741
-946
395
712
-537
632
636
-929
318
-612
-850
-669
535
679
-954
920
347
902
-987
739
-964
-783
-555
-680
-829
-47
752
-365
-382
-810
-917
852
255
-156
-129
623
915
765
851
593
-814
948
-744
714
-104
-724
-87
783
-26
598
-509
-184
-367
-286
103
-974
636
229
-772
-454
46
251
282
408
786
-848
340
-146
-556
-126
709
298
999
515
728
-321
494
-562
-271
825
297
459
157
258
-942
634
928
-804
851
655
-525
-23
931
467
-172
-231
-64
-5
-366
-651
-732
575
-898
-656
788
513
-550
-681
806
267
-672
-507
876
376
-988
136
320
525
-146
-651
-730
412
80
-855
-334
-787
-265
-717
-179
174
70
-575
684
-820
-91
-876
-558
839
877
-92
252
497
877
489
312
944
-461
508
-204
601
-648
-36
281
-28
413
-382
644
-294
-124
392
268
-782
582
-706
210
-268
472
-232
803
-290
-93
917
811
-657
958
-282
998
594
948
674
-36
-500
-687
-729
-98
-985
-85
-852
341
-867
446
675
258
518
-97
-803
-289
-969
848
-673
434
-14
-958
355
-401
716
554
-983
-390
-159
-50
-493
272
306
247
-439
-65
-136
800
-484
-435
462
340
-910
-586
-773
-933
-288
296
-693
-106
272
43
198
-737
587
-227
457
-967
574
-448
887
-383
430
-669
919
-921
-702
-871
-167
869
-783
176
147
-790
322
975
-756
347
518
-810
761
414
-783
-917
-534
-88
-422
-745
512
-120
649
-570
-33
272
331
-2
482
847
180
-608
-601
-164
874
-501
827
569
160
-494
827
-833
762
-257
-590
-486
794
138
-466
-511
454
-636
132
-395
-382
-325
-53
878
-82
-221
-165
-121
-555
210
-413
-735
-734
-80
-333
-634
649
924
868
-127
855
-861
426
-699
455
-973
-343
-445
-484
-216
304
359
14
-301
988
-951
-411
-665
929
240
-942
-741
962
-75
-673
-165
537
-915
917
-287
-751
-489
233
-50
422
-48
-640
-143
-205
-852
-356
472
-222
451
-927
-696
-840
-165
-761
-661
-121
-119
364
762
78
-285
861
449
541
25
-799
857
188
915
720
-522
-238
197
409
-34
225
127
671
260
-904
396
350
-59
828
825
69
621
411
485
-370
-715
359
-604
73
81
-949
-806
-559
-307
-941
435
-269
772
-991
81
-683
108
678
-929
407
-5
-5
373
-382
-30
-849
-236
348
-409
-891
715
236
642
-467
388
-886
-104
309
643
-105
-235
235
99
-159
-673
-540
91
-529
728
-504
-652
-928
557
417
-155
470
128
-165
-470
71
118
204
-69
-711
-899
142
442
-566
-93
-258
232
-278
677
230
589
118
-467
-145
-892
-725
109
202
-826
464
679
-330
-778
662
-189
999
258
-755
-478
-665
28
183
-553
-301
-799
-201
-427
936
-887
-954
-129
278
-550
691
-131
-457
-201
357
765
-196
75
525
-470
-773
-368
-620
279
791
823
776
797
665
-914
-623
215
756
-67
300
428
713
-910
116
-604
820
86
448
-43
342
-286
779
642
415
102
-72
761
-645
994
-295
-856
-283
539
678
-250
-837
-386
-411
-478
69
-547
184
-569
144
959
655
-256
242
-612
-107
-436
-542
334
694
554
-163
926
-106
-164
765
-302
157
-819
34
-148
-794
-272
-359
-828
481
-533
488
-300
-307
-188
198
-667
-74
622
383
-527
117
-775
-955
574
-707
802
-678
-197
88
-60
-407
-97
-979
226
-980
384
-620
435
-570
774
-728
419
461
-927
-15
932
807
-861
601
-891
-417
-534
-456
-19
154
-207
-276
793
-729
-171
-459
-271
-66
81
-314
-801
784
121
-295
-176
972
979
-258
-524
-508
-64
391
871
73
-50
-690
570
-928
-335
-799
-417
514
-615
-639
-732
779
-498
730
-345
-784
-624
978
95
-625
-493
643
92
319
-207
151
597
458
708
-559
-849
-858
852
657
-935
113
-137
971
543
637
422
593
206
284
-202
-609
-825
766
-911
-865
211
740
103
-730
585
294
330
478
-856
589
137
-276
301
182
700
-15
-373
-313
886
527
790
409
152
101
-886
-987
283
662
453
-869
-862
-866
938
32
-656
208
-469
927
408
457
-814
359
-34
478
709
74
699
26
-662
25
-430
268
891
-194
-323
-455
701
702
325
271
340
-242
293
-445
-300
671
795
-69
495
-159
606
-846
835
274
517
-576
-566
602
647
-811
882
590
-182
786
525
836
-181
965
-614
152
136
765
995
-371
-519
-305
457
177
-175
121
189
418
564
123
-104
659
-525
472
-407
913
402
424
706
125
631
-917
960
277
549
-480
-350
-162
-599
-228
-187
-324
173
-948
693
273
-407
180
-891
859
204
-486
394
-194
191
-808
503
322
-984
-80
823
-601
516
-530
-940
178
500
85
386
565
-522
-987
-434
313
-537
-488
-456
-649
-22
-34
158
-881
728
-993
58
-227
-991
56
-564
14
-163
-165
-16
-242
-433
-985
362
917
-282
946
-20
955
-883
-939
-130
-423
997
-713
758
-461
-881
-521
-94
126
327
759
499
-548
787
681
-925
754
824
-362
163
-264
-664
192
-873
-231
-861
84
121
-724
-273
-544
-290
90
-293
842
-285
-772
-263
944
-308
991
-734
-803
-755
54
-518
740
701
153
-736
568
-857
175
638
-63
841
507
-260
-56
94
48
769
-450
-835
-844
-580
-200
-393
267
389
332
314
-682
329
525
896
-651
43
833
523
-478
403
-38
624
-913
-123
-822
65
-718
65
-892
-810
141
84
732
-91
-857
-619
-151
838
-286
150
570
749
-546
-980
932
775
582
-343
-114
437
-281
-257
189
-71
825
289
-712
-208
-373
961
131
-694
-638
-678
-525
250
-442
107
653
421
-572
83
705
64
-493
-749
-956
717
-481
289
200
-840
-49
-621
-342
718
-366
152
114
-349
904
-769
672
-328
-643
179
-392
345
910
689
820
-2
501
-616
-520
-805
-994
-808
115
-84
692
-891
-742
-816
-587
-605
-691
492
-641
453
553
181
114
-165
-43
916
708
-681
-839
-511
-944
-589
720
289
-127
361
-967
984
28
105
175
-378
638
657
-414
410
219
643
-502
-58
-256
-596
956
511
859
-785
77
716
-949
-999
833
662
-648
-976
663
892
58
-720
797
-515
-384
-283
184
251
623
-775
-625
-721
872
-432
-850
365
-748
-869
926
48
34
-772
-244
913
-153
430
401
101
89
217
543
57
-679
375
-407
-14
-73
623
568
19
192
274
306
-38
603
-192
853
-202
974
975
962
-259
-533
-750
-173
65
755
-949
-209
-374
-913
-541
-816
65
813
-805
903
254
134
980
834
-251
249
-95
909
43
892
-103
968
750
-898
-930
570
712
-612
-272
-818
-729
283
-335
364
446
564
-308
-800
935
69
125
220
-783
-738
-571
861
-265
683
-261
-217
532
909
-397
-314
-679
519
749
579
-244
410
-629
-116
-511
289
447
-34
149
15
793
-860
939
-248
-628
280
477
195
-895
375
-812
126
347
559
614
688
-925
-938
-600
795
988
-462
-176
332
-806
37
-580
196
199
-206
684
810
606
-793
269
293
-607
796
483
-571
457
-315
-224
-505
119
-92
-177
-745
412
-320
269
829
336
-796
-22
113
227
-103
128
43
-378
-921
783
-329
-790
-111
399
-698
662
963
-805
-24
615
-487
-94
680
-354
695
-983
-362
896
-613
476
930
546
186
-933
-787
-436
-755
746
-317
-907
935
844
-360
54
578
-514
-7
-874
969
720
77
226
553
-467
-844
-481
620
-952
205
-537
782
-198
610
-434
-657
479
385
979
631
916
752
314
-1000
-508
554
207
616
766
595
-251
